0.000000e+00 0.000000e+00
1.000000e-02 -8.495709e-03
2.000000e-02 -1.699100e-02
3.000000e-02 -2.548546e-02
4.000000e-02 -3.397867e-02
5.000000e-02 -4.247021e-02
6.000000e-02 -5.095966e-02
7.000000e-02 -5.944661e-02
8.000000e-02 -6.793063e-02
9.000000e-02 -7.641130e-02
1.000000e-01 -8.488820e-02
1.100000e-01 -9.336091e-02
1.200000e-01 -1.018290e-01
1.300000e-01 -1.102920e-01
1.400000e-01 -1.187496e-01
1.500000e-01 -1.272013e-01
1.600000e-01 -1.356466e-01
1.700000e-01 -1.440851e-01
1.800000e-01 -1.525164e-01
1.900000e-01 -1.609401e-01
2.000000e-01 -1.693556e-01
2.100000e-01 -1.777626e-01
2.200000e-01 -1.861606e-01
2.300000e-01 -1.945492e-01
2.400000e-01 -2.029278e-01
2.500000e-01 -2.112961e-01
2.600000e-01 -2.196535e-01
2.700000e-01 -2.279997e-01
2.800000e-01 -2.363340e-01
2.900000e-01 -2.446561e-01
3.000000e-01 -2.529655e-01
3.100000e-01 -2.612617e-01
3.200000e-01 -2.695441e-01
3.300000e-01 -2.778123e-01
3.400000e-01 -2.860659e-01
3.500000e-01 -2.943042e-01
3.600000e-01 -3.025269e-01
3.700000e-01 -3.107333e-01
3.800000e-01 -3.189230e-01
3.900000e-01 -3.270954e-01
4.000000e-01 -3.352500e-01
4.100000e-01 -3.433863e-01
4.200000e-01 -3.515037e-01
4.300000e-01 -3.596017e-01
4.400000e-01 -3.676797e-01
4.500000e-01 -3.757372e-01
4.600000e-01 -3.837737e-01
4.700000e-01 -3.917885e-01
4.800000e-01 -3.997810e-01
4.900000e-01 -4.077508e-01
5.000000e-01 -4.156972e-01
5.100000e-01 -4.236195e-01
5.200000e-01 -4.315174e-01
5.300000e-01 -4.393900e-01
5.400000e-01 -4.472368e-01
5.500000e-01 -4.550572e-01
5.600000e-01 -4.628506e-01
5.700000e-01 -4.706163e-01
5.800000e-01 -4.783538e-01
5.900000e-01 -4.860623e-01
6.000000e-01 -4.937412e-01
6.100000e-01 -5.013899e-01
6.200000e-01 -5.090077e-01
6.300000e-01 -5.165939e-01
6.400000e-01 -5.241479e-01
6.500000e-01 -5.316690e-01
6.600000e-01 -5.391564e-01
6.700000e-01 -5.466096e-01
6.800000e-01 -5.540279e-01
6.900000e-01 -5.614104e-01
7.000000e-01 -5.687566e-01
7.100000e-01 -5.760657e-01
7.200000e-01 -5.833369e-01
7.300000e-01 -5.905696e-01
7.400000e-01 -5.977631e-01
7.500000e-01 -6.049166e-01
7.600000e-01 -6.120293e-01
7.700000e-01 -6.191005e-01
7.800000e-01 -6.261295e-01
7.900000e-01 -6.331155e-01
8.000000e-01 -6.400578e-01
8.100000e-01 -6.469556e-01
8.200000e-01 -6.538081e-01
8.300000e-01 -6.606145e-01
8.400000e-01 -6.673742e-01
8.500000e-01 -6.740862e-01
8.600000e-01 -6.807499e-01
8.700000e-01 -6.873644e-01
8.800000e-01 -6.939289e-01
8.900000e-01 -7.004427e-01
9.000000e-01 -7.069050e-01
9.100000e-01 -7.133149e-01
9.200000e-01 -7.196717e-01
9.300000e-01 -7.259745e-01
9.400000e-01 -7.322226e-01
9.500000e-01 -7.384152e-01
9.600000e-01 -7.445514e-01
9.700000e-01 -7.506305e-01
9.800000e-01 -7.566516e-01
9.900000e-01 -7.626139e-01
1.000000e+00 -7.685167e-01
1.010000e+00 -7.743590e-01
1.020000e+00 -7.801402e-01
1.030000e+00 -7.858593e-01
1.040000e+00 -7.915157e-01
1.050000e+00 -7.971084e-01
1.060000e+00 -8.026367e-01
1.070000e+00 -8.080998e-01
1.080000e+00 -8.134968e-01
1.090000e+00 -8.188270e-01
1.100000e+00 -8.240897e-01
1.110000e+00 -8.292839e-01
1.120000e+00 -8.344089e-01
1.130000e+00 -8.394640e-01
1.140000e+00 -8.444483e-01
1.150000e+00 -8.493610e-01
1.160000e+00 -8.542015e-01
1.170000e+00 -8.589689e-01
1.180000e+00 -8.636625e-01
1.190000e+00 -8.682815e-01
1.200000e+00 -8.728252e-01
1.210000e+00 -8.772929e-01
1.220000e+00 -8.816837e-01
1.230000e+00 -8.859971e-01
1.240000e+00 -8.902322e-01
1.250000e+00 -8.943883e-01
1.260000e+00 -8.984648e-01
1.270000e+00 -9.024610e-01
1.280000e+00 -9.063762e-01
1.290000e+00 -9.102097e-01
1.300000e+00 -9.139608e-01
1.310000e+00 -9.176290e-01
1.320000e+00 -9.212135e-01
1.330000e+00 -9.247137e-01
1.340000e+00 -9.281290e-01
1.350000e+00 -9.314588e-01
1.360000e+00 -9.347026e-01
1.370000e+00 -9.378596e-01
1.380000e+00 -9.409295e-01
1.390000e+00 -9.439115e-01
1.400000e+00 -9.468051e-01
1.410000e+00 -9.496099e-01
1.420000e+00 -9.523253e-01
1.430000e+00 -9.549508e-01
1.440000e+00 -9.574859e-01
1.450000e+00 -9.599302e-01
1.460000e+00 -9.622831e-01
1.470000e+00 -9.645443e-01
1.480000e+00 -9.667133e-01
1.490000e+00 -9.687898e-01
1.500000e+00 -9.707732e-01
1.510000e+00 -9.726633e-01
1.520000e+00 -9.744597e-01
1.530000e+00 -9.761620e-01
1.540000e+00 -9.777699e-01
1.550000e+00 -9.792831e-01
1.560000e+00 -9.807014e-01
1.570000e+00 -9.820244e-01
1.580000e+00 -9.832518e-01
1.590000e+00 -9.843835e-01
1.600000e+00 -9.854192e-01
1.610000e+00 -9.863588e-01
1.620000e+00 -9.872020e-01
1.630000e+00 -9.879486e-01
1.640000e+00 -9.885986e-01
1.650000e+00 -9.891518e-01
1.660000e+00 -9.896081e-01
1.670000e+00 -9.899674e-01
1.680000e+00 -9.902296e-01
1.690000e+00 -9.903947e-01
1.700000e+00 -9.904626e-01
1.710000e+00 -9.904334e-01
1.720000e+00 -9.903070e-01
1.730000e+00 -9.900835e-01
1.740000e+00 -9.897629e-01
1.750000e+00 -9.893453e-01
1.760000e+00 -9.888308e-01
1.770000e+00 -9.882194e-01
1.780000e+00 -9.875112e-01
1.790000e+00 -9.867065e-01
1.800000e+00 -9.858053e-01
1.810000e+00 -9.848079e-01
1.820000e+00 -9.837145e-01
1.830000e+00 -9.825252e-01
1.840000e+00 -9.812403e-01
1.850000e+00 -9.798600e-01
1.860000e+00 -9.783846e-01
1.870000e+00 -9.768144e-01
1.880000e+00 -9.751496e-01
1.890000e+00 -9.733907e-01
1.900000e+00 -9.715380e-01
1.910000e+00 -9.695917e-01
1.920000e+00 -9.675523e-01
1.930000e+00 -9.654201e-01
1.940000e+00 -9.631956e-01
1.950000e+00 -9.608792e-01
1.960000e+00 -9.584713e-01
1.970000e+00 -9.559723e-01
1.980000e+00 -9.533828e-01
1.990000e+00 -9.507032e-01
2.000000e+00 -9.479340e-01
2.010000e+00 -9.450757e-01
2.020000e+00 -9.421289e-01
2.030000e+00 -9.390940e-01
2.040000e+00 -9.359717e-01
2.050000e+00 -9.327624e-01
2.060000e+00 -9.294668e-01
2.070000e+00 -9.260855e-01
2.080000e+00 -9.226191e-01
2.090000e+00 -9.190681e-01
2.100000e+00 -9.154332e-01
2.110000e+00 -9.117151e-01
2.120000e+00 -9.079144e-01
2.130000e+00 -9.040317e-01
2.140000e+00 -9.000677e-01
2.150000e+00 -8.960231e-01
2.160000e+00 -8.918986e-01
2.170000e+00 -8.876949e-01
2.180000e+00 -8.834127e-01
2.190000e+00 -8.790526e-01
2.200000e+00 -8.746155e-01
2.210000e+00 -8.701021e-01
2.220000e+00 -8.655130e-01
2.230000e+00 -8.608490e-01
2.240000e+00 -8.561110e-01
2.250000e+00 -8.512995e-01
2.260000e+00 -8.464155e-01
2.270000e+00 -8.414596e-01
2.280000e+00 -8.364327e-01
2.290000e+00 -8.313354e-01
2.300000e+00 -8.261687e-01
2.310000e+00 -8.209333e-01
2.320000e+00 -8.156299e-01
2.330000e+00 -8.102594e-01
2.340000e+00 -8.048225e-01
2.350000e+00 -7.993202e-01
2.360000e+00 -7.937530e-01
2.370000e+00 -7.881219e-01
2.380000e+00 -7.824277e-01
2.390000e+00 -7.766712e-01
2.400000e+00 -7.708532e-01
2.410000e+00 -7.649744e-01
2.420000e+00 -7.590357e-01
2.430000e+00 -7.530380e-01
2.440000e+00 -7.469819e-01
2.450000e+00 -7.408684e-01
2.460000e+00 -7.346982e-01
2.470000e+00 -7.284721e-01
2.480000e+00 -7.221910e-01
2.490000e+00 -7.158556e-01
2.500000e+00 -7.094668e-01
2.510000e+00 -7.030253e-01
2.520000e+00 -6.965319e-01
2.530000e+00 -6.899875e-01
2.540000e+00 -6.833928e-01
2.550000e+00 -6.767487e-01
2.560000e+00 -6.700558e-01
2.570000e+00 -6.633151e-01
2.580000e+00 -6.565272e-01
2.590000e+00 -6.496930e-01
2.600000e+00 -6.428132e-01
2.610000e+00 -6.358885e-01
2.620000e+00 -6.289199e-01
2.630000e+00 -6.219079e-01
2.640000e+00 -6.148534e-01
2.650000e+00 -6.077572e-01
2.660000e+00 -6.006199e-01
2.670000e+00 -5.934423e-01
2.680000e+00 -5.862251e-01
2.690000e+00 -5.789691e-01
2.700000e+00 -5.716750e-01
2.710000e+00 -5.643436e-01
2.720000e+00 -5.569755e-01
2.730000e+00 -5.495714e-01
2.740000e+00 -5.421320e-01
2.750000e+00 -5.346581e-01
2.760000e+00 -5.271503e-01
2.770000e+00 -5.196094e-01
2.780000e+00 -5.120359e-01
2.790000e+00 -5.044307e-01
2.800000e+00 -4.967942e-01
2.810000e+00 -4.891273e-01
2.820000e+00 -4.814305e-01
2.830000e+00 -4.737045e-01
2.840000e+00 -4.659500e-01
2.850000e+00 -4.581676e-01
2.860000e+00 -4.503578e-01
2.870000e+00 -4.425215e-01
2.880000e+00 -4.346590e-01
2.890000e+00 -4.267712e-01
2.900000e+00 -4.188585e-01
2.910000e+00 -4.109217e-01
2.920000e+00 -4.029612e-01
2.930000e+00 -3.949776e-01
2.940000e+00 -3.869716e-01
2.950000e+00 -3.789437e-01
2.960000e+00 -3.708946e-01
2.970000e+00 -3.628246e-01
2.980000e+00 -3.547345e-01
2.990000e+00 -3.466248e-01
3.000000e+00 -3.384960e-01
3.010000e+00 -3.303486e-01
3.020000e+00 -3.221832e-01
3.030000e+00 -3.140004e-01
3.040000e+00 -3.058006e-01
3.050000e+00 -2.975843e-01
3.060000e+00 -2.893522e-01
3.070000e+00 -2.811046e-01
3.080000e+00 -2.728422e-01
3.090000e+00 -2.645654e-01
3.100000e+00 -2.562746e-01
3.110000e+00 -2.479704e-01
3.120000e+00 -2.396534e-01
3.130000e+00 -2.313238e-01
3.140000e+00 -2.229823e-01
3.150000e+00 -2.146294e-01
3.160000e+00 -2.062654e-01
3.170000e+00 -1.978908e-01
3.180000e+00 -1.895061e-01
3.190000e+00 -1.811118e-01
3.200000e+00 -1.727084e-01
3.210000e+00 -1.642962e-01
3.220000e+00 -1.558757e-01
3.230000e+00 -1.474474e-01
3.240000e+00 -1.390117e-01
3.250000e+00 -1.305690e-01
3.260000e+00 -1.221198e-01
3.270000e+00 -1.136646e-01
3.280000e+00 -1.052036e-01
3.290000e+00 -9.673752e-02
3.300000e+00 -8.826660e-02
3.310000e+00 -7.979132e-02
3.320000e+00 -7.131210e-02
3.330000e+00 -6.282937e-02
3.340000e+00 -5.434354e-02
3.350000e+00 -4.585504e-02
3.360000e+00 -3.736428e-02
3.370000e+00 -2.887168e-02
3.380000e+00 -2.037767e-02
3.390000e+00 -1.188266e-02
3.400000e+00 -3.387072e-03
3.410000e+00 5.108688e-03
3.420000e+00 1.360420e-02
3.430000e+00 2.209904e-02
3.440000e+00 3.059279e-02
3.450000e+00 3.908505e-02
3.460000e+00 4.757538e-02
3.470000e+00 5.606338e-02
3.480000e+00 6.454862e-02
3.490000e+00 7.303067e-02
3.500000e+00 8.150913e-02
3.510000e+00 8.998356e-02
3.520000e+00 9.845354e-02
3.530000e+00 1.069186e-01
3.540000e+00 1.153784e-01
3.550000e+00 1.238325e-01
3.560000e+00 1.322804e-01
3.570000e+00 1.407217e-01
3.580000e+00 1.491559e-01
3.590000e+00 1.575827e-01
3.600000e+00 1.660015e-01
3.610000e+00 1.744120e-01
3.620000e+00 1.828137e-01
3.630000e+00 1.912060e-01
3.640000e+00 1.995887e-01
3.650000e+00 2.079611e-01
3.660000e+00 2.163230e-01
3.670000e+00 2.246736e-01
3.680000e+00 2.330128e-01
3.690000e+00 2.413398e-01
3.700000e+00 2.496543e-01
3.710000e+00 2.579558e-01
3.720000e+00 2.662438e-01
3.730000e+00 2.745177e-01
3.740000e+00 2.827772e-01
3.750000e+00 2.910217e-01
3.760000e+00 2.992506e-01
3.770000e+00 3.074636e-01
3.780000e+00 3.156600e-01
3.790000e+00 3.238393e-01
3.800000e+00 3.320011e-01
3.810000e+00 3.401447e-01
3.820000e+00 3.482697e-01
3.830000e+00 3.563755e-01
3.840000e+00 3.644616e-01
3.850000e+00 3.725274e-01
3.860000e+00 3.805723e-01
3.870000e+00 3.885958e-01
3.880000e+00 3.965973e-01
3.890000e+00 4.045762e-01
3.900000e+00 4.125320e-01
3.910000e+00 4.204640e-01
3.920000e+00 4.283717e-01
3.930000e+00 4.362544e-01
3.940000e+00 4.441116e-01
3.950000e+00 4.519426e-01
3.960000e+00 4.597468e-01
3.970000e+00 4.675237e-01
3.980000e+00 4.752725e-01
3.990000e+00 4.829926e-01
4.000000e+00 4.906834e-01
4.010000e+00 4.983442e-01
4.020000e+00 5.059744e-01
4.030000e+00 5.135732e-01
4.040000e+00 5.211402e-01
4.050000e+00 5.286745e-01
4.060000e+00 5.361754e-01
4.070000e+00 5.436424e-01
4.080000e+00 5.510746e-01
4.090000e+00 5.584715e-01
4.100000e+00 5.658323e-01
4.110000e+00 5.731562e-01
4.120000e+00 5.804426e-01
4.130000e+00 5.876908e-01
4.140000e+00 5.949000e-01
4.150000e+00 6.020695e-01
4.160000e+00 6.091985e-01
4.170000e+00 6.162864e-01
4.180000e+00 6.233323e-01
4.190000e+00 6.303356e-01
4.200000e+00 6.372954e-01
4.210000e+00 6.442110e-01
4.220000e+00 6.510816e-01
4.230000e+00 6.579065e-01
4.240000e+00 6.646849e-01
4.250000e+00 6.714160e-01
4.260000e+00 6.780991e-01
4.270000e+00 6.847332e-01
4.280000e+00 6.913178e-01
4.290000e+00 6.978519e-01
4.300000e+00 7.043348e-01
4.310000e+00 7.107657e-01
4.320000e+00 7.171438e-01
4.330000e+00 7.234682e-01
4.340000e+00 7.297383e-01
4.350000e+00 7.359531e-01
4.360000e+00 7.421119e-01
4.370000e+00 7.482138e-01
4.380000e+00 7.542581e-01
4.390000e+00 7.602440e-01
4.400000e+00 7.661706e-01
4.410000e+00 7.720371e-01
4.420000e+00 7.778427e-01
4.430000e+00 7.835867e-01
4.440000e+00 7.892682e-01
4.450000e+00 7.948864e-01
4.460000e+00 8.004404e-01
4.470000e+00 8.059296e-01
4.480000e+00 8.113531e-01
4.490000e+00 8.167101e-01
4.500000e+00 8.219997e-01
4.510000e+00 8.272213e-01
4.520000e+00 8.323740e-01
4.530000e+00 8.374571e-01
4.540000e+00 8.424697e-01
4.550000e+00 8.474110e-01
4.560000e+00 8.522804e-01
4.570000e+00 8.570771e-01
4.580000e+00 8.618002e-01
4.590000e+00 8.664490e-01
4.600000e+00 8.710228e-01
4.610000e+00 8.755209e-01
4.620000e+00 8.799424e-01
4.630000e+00 8.842868e-01
4.640000e+00 8.885531e-01
4.650000e+00 8.927409e-01
4.660000e+00 8.968492e-01
4.670000e+00 9.008775e-01
4.680000e+00 9.048251e-01
4.690000e+00 9.086912e-01
4.700000e+00 9.124753e-01
4.710000e+00 9.161766e-01
4.720000e+00 9.197945e-01
4.730000e+00 9.233284e-01
4.740000e+00 9.267776e-01
4.750000e+00 9.301416e-01
4.760000e+00 9.334197e-01
4.770000e+00 9.366114e-01
4.780000e+00 9.397161e-01
4.790000e+00 9.427332e-01
4.800000e+00 9.456621e-01
4.810000e+00 9.485024e-01
4.820000e+00 9.512535e-01
4.830000e+00 9.539149e-01
4.840000e+00 9.564861e-01
4.850000e+00 9.589666e-01
4.860000e+00 9.613560e-01
4.870000e+00 9.636538e-01
4.880000e+00 9.658597e-01
4.890000e+00 9.679731e-01
4.900000e+00 9.699936e-01
4.910000e+00 9.719210e-01
4.920000e+00 9.737548e-01
4.930000e+00 9.754946e-01
4.940000e+00 9.771402e-01
4.950000e+00 9.786912e-01
4.960000e+00 9.801474e-01
4.970000e+00 9.815083e-01
4.980000e+00 9.827739e-01
4.990000e+00 9.839438e-01
5.000000e+00 9.850178e-01
5.010000e+00 9.859957e-01
5.020000e+00 9.868774e-01
5.030000e+00 9.876625e-01
5.040000e+00 9.883511e-01
5.050000e+00 9.889429e-01
5.060000e+00 9.894378e-01
5.070000e+00 9.898358e-01
5.080000e+00 9.901367e-01
5.090000e+00 9.903405e-01
5.100000e+00 9.904472e-01
5.110000e+00 9.904567e-01
5.120000e+00 9.903691e-01
5.130000e+00 9.901843e-01
5.140000e+00 9.899024e-01
5.150000e+00 9.895234e-01
5.160000e+00 9.890475e-01
5.170000e+00 9.884747e-01
5.180000e+00 9.878051e-01
5.190000e+00 9.870389e-01
5.200000e+00 9.861762e-01
5.210000e+00 9.852171e-01
5.220000e+00 9.841619e-01
5.230000e+00 9.830108e-01
5.240000e+00 9.817640e-01
5.250000e+00 9.804217e-01
5.260000e+00 9.789842e-01
5.270000e+00 9.774517e-01
5.280000e+00 9.758246e-01
5.290000e+00 9.741032e-01
5.300000e+00 9.722878e-01
5.310000e+00 9.703788e-01
5.320000e+00 9.683765e-01
5.330000e+00 9.662812e-01
5.340000e+00 9.640935e-01
5.350000e+00 9.618137e-01
5.360000e+00 9.594422e-01
5.370000e+00 9.569795e-01
5.380000e+00 9.544260e-01
5.390000e+00 9.517823e-01
5.400000e+00 9.490487e-01
5.410000e+00 9.462259e-01
5.420000e+00 9.433143e-01
5.430000e+00 9.403144e-01
5.440000e+00 9.372269e-01
5.450000e+00 9.340522e-01
5.460000e+00 9.307910e-01
5.470000e+00 9.274438e-01
5.480000e+00 9.240112e-01
5.490000e+00 9.204939e-01
5.500000e+00 9.168924e-01
5.510000e+00 9.132074e-01
5.520000e+00 9.094395e-01
5.530000e+00 9.055894e-01
5.540000e+00 9.016577e-01
5.550000e+00 8.976452e-01
5.560000e+00 8.935525e-01
5.570000e+00 8.893803e-01
5.580000e+00 8.851293e-01
5.590000e+00 8.808002e-01
5.600000e+00 8.763937e-01
5.610000e+00 8.719106e-01
5.620000e+00 8.673516e-01
5.630000e+00 8.627174e-01
5.640000e+00 8.580088e-01
5.650000e+00 8.532265e-01
5.660000e+00 8.483713e-01
5.670000e+00 8.434440e-01
5.680000e+00 8.384453e-01
5.690000e+00 8.333760e-01
5.700000e+00 8.282369e-01
5.710000e+00 8.230287e-01
5.720000e+00 8.177523e-01
5.730000e+00 8.124085e-01
5.740000e+00 8.069980e-01
5.750000e+00 8.015216e-01
5.760000e+00 7.959802e-01
5.770000e+00 7.903745e-01
5.780000e+00 7.847054e-01
5.790000e+00 7.789736e-01
5.800000e+00 7.731800e-01
5.810000e+00 7.673254e-01
5.820000e+00 7.614105e-01
5.830000e+00 7.554362e-01
5.840000e+00 7.494033e-01
5.850000e+00 7.433126e-01
5.860000e+00 7.371648e-01
5.870000e+00 7.309610e-01
5.880000e+00 7.247017e-01
5.890000e+00 7.183878e-01
5.900000e+00 7.120202e-01
5.910000e+00 7.055996e-01
5.920000e+00 6.991268e-01
5.930000e+00 6.926027e-01
5.940000e+00 6.860280e-01
5.950000e+00 6.794034e-01
5.960000e+00 6.727299e-01
5.970000e+00 6.660082e-01
5.980000e+00 6.592390e-01
5.990000e+00 6.524231e-01
6.000000e+00 6.455614e-01
6.010000e+00 6.386546e-01
6.020000e+00 6.317034e-01
6.030000e+00 6.247086e-01
6.040000e+00 6.176709e-01
6.050000e+00 6.105912e-01
6.060000e+00 6.034702e-01
6.070000e+00 5.963086e-01
6.080000e+00 5.891071e-01
6.090000e+00 5.818665e-01
6.100000e+00 5.745876e-01
6.110000e+00 5.672709e-01
6.120000e+00 5.599173e-01
6.130000e+00 5.525275e-01
6.140000e+00 5.451021e-01
6.150000e+00 5.376419e-01
6.160000e+00 5.301475e-01
6.170000e+00 5.226197e-01
6.180000e+00 5.150592e-01
6.190000e+00 5.074665e-01
6.200000e+00 4.998424e-01
6.210000e+00 4.921875e-01
6.220000e+00 4.845026e-01
6.230000e+00 4.767881e-01
6.240000e+00 4.690449e-01
6.250000e+00 4.612735e-01
6.260000e+00 4.534746e-01
6.270000e+00 4.456488e-01
6.280000e+00 4.377967e-01
6.290000e+00 4.299189e-01
6.300000e+00 4.220161e-01
6.310000e+00 4.140888e-01
6.320000e+00 4.061376e-01
6.330000e+00 3.981632e-01
6.340000e+00 3.901661e-01
6.350000e+00 3.821469e-01
6.360000e+00 3.741061e-01
6.370000e+00 3.660444e-01
6.380000e+00 3.579623e-01
6.390000e+00 3.498603e-01
6.400000e+00 3.417390e-01
6.410000e+00 3.335989e-01
6.420000e+00 3.254407e-01
6.430000e+00 3.172647e-01
6.440000e+00 3.090716e-01
6.450000e+00 3.008619e-01
6.460000e+00 2.926360e-01
6.470000e+00 2.843946e-01
6.480000e+00 2.761380e-01
6.490000e+00 2.678668e-01
6.500000e+00 2.595816e-01
6.510000e+00 2.512827e-01
6.520000e+00 2.429707e-01
6.530000e+00 2.346461e-01
6.540000e+00 2.263093e-01
6.550000e+00 2.179609e-01
6.560000e+00 2.096012e-01
6.570000e+00 2.012308e-01
6.580000e+00 1.928501e-01
6.590000e+00 1.844596e-01
6.600000e+00 1.760597e-01
6.610000e+00 1.676509e-01
6.620000e+00 1.592337e-01
6.630000e+00 1.508085e-01
6.640000e+00 1.423756e-01
6.650000e+00 1.339357e-01
6.660000e+00 1.254891e-01
6.670000e+00 1.170362e-01
6.680000e+00 1.085775e-01
6.690000e+00 1.001134e-01
6.700000e+00 9.164432e-02
6.710000e+00 8.317072e-02
6.720000e+00 7.469302e-02
6.730000e+00 6.621164e-02
6.740000e+00 5.772699e-02
6.750000e+00 4.923950e-02
6.760000e+00 4.074960e-02
6.770000e+00 3.225768e-02
6.780000e+00 2.376419e-02
6.790000e+00 1.526953e-02
6.800000e+00 6.774117e-03
6.810000e+00 -1.721626e-03
6.820000e+00 -1.021728e-02
6.830000e+00 -1.871244e-02
6.840000e+00 -2.720668e-02
6.850000e+00 -3.569958e-02
6.860000e+00 -4.419073e-02
6.870000e+00 -5.267971e-02
6.880000e+00 -6.116610e-02
6.890000e+00 -6.964948e-02
6.900000e+00 -7.812942e-02
6.910000e+00 -8.660550e-02
6.920000e+00 -9.507731e-02
6.930000e+00 -1.035444e-01
6.940000e+00 -1.120064e-01
6.950000e+00 -1.204628e-01
6.960000e+00 -1.289132e-01
6.970000e+00 -1.373572e-01
6.980000e+00 -1.457943e-01
6.990000e+00 -1.542241e-01
7.000000e+00 -1.626461e-01
7.010000e+00 -1.710600e-01
7.020000e+00 -1.794652e-01
7.030000e+00 -1.878613e-01
7.040000e+00 -1.962479e-01
7.050000e+00 -2.046245e-01
7.060000e+00 -2.129906e-01
7.070000e+00 -2.213458e-01
7.080000e+00 -2.296896e-01
7.090000e+00 -2.380215e-01
7.100000e+00 -2.463410e-01
7.110000e+00 -2.546478e-01
7.120000e+00 -2.629412e-01
7.130000e+00 -2.712208e-01
7.140000e+00 -2.794861e-01
7.150000e+00 -2.877366e-01
7.160000e+00 -2.959718e-01
7.170000e+00 -3.041912e-01
7.180000e+00 -3.123943e-01
7.190000e+00 -3.205805e-01
7.200000e+00 -3.287493e-01
7.210000e+00 -3.369003e-01
7.220000e+00 -3.450328e-01
7.230000e+00 -3.531463e-01
7.240000e+00 -3.612403e-01
7.250000e+00 -3.693142e-01
7.260000e+00 -3.773675e-01
7.270000e+00 -3.853996e-01
7.280000e+00 -3.934099e-01
7.290000e+00 -4.013979e-01
7.300000e+00 -4.093630e-01
7.310000e+00 -4.173045e-01
7.320000e+00 -4.252220e-01
7.330000e+00 -4.331148e-01
7.340000e+00 -4.409822e-01
7.350000e+00 -4.488237e-01
7.360000e+00 -4.566387e-01
7.370000e+00 -4.644266e-01
7.380000e+00 -4.721866e-01
7.390000e+00 -4.799182e-01
7.400000e+00 -4.876208e-01
7.410000e+00 -4.952936e-01
7.420000e+00 -5.029361e-01
7.430000e+00 -5.105475e-01
7.440000e+00 -5.181273e-01
7.450000e+00 -5.256747e-01
7.460000e+00 -5.331890e-01
7.470000e+00 -5.406696e-01
7.480000e+00 -5.481158e-01
7.490000e+00 -5.555268e-01
7.500000e+00 -5.629021e-01
7.510000e+00 -5.702408e-01
7.520000e+00 -5.775422e-01
7.530000e+00 -5.848057e-01
7.540000e+00 -5.920306e-01
7.550000e+00 -5.992160e-01
7.560000e+00 -6.063612e-01
7.570000e+00 -6.134656e-01
7.580000e+00 -6.205283e-01
7.590000e+00 -6.275487e-01
7.600000e+00 -6.345259e-01
7.610000e+00 -6.414592e-01
7.620000e+00 -6.483479e-01
7.630000e+00 -6.551911e-01
7.640000e+00 -6.619881e-01
7.650000e+00 -6.687382e-01
7.660000e+00 -6.754405e-01
7.670000e+00 -6.820943e-01
7.680000e+00 -6.886987e-01
7.690000e+00 -6.952530e-01
7.700000e+00 -7.017564e-01
7.710000e+00 -7.082082e-01
7.720000e+00 -7.146074e-01
7.730000e+00 -7.209533e-01
7.740000e+00 -7.272451e-01
7.750000e+00 -7.334821e-01
7.760000e+00 -7.396633e-01
7.770000e+00 -7.457880e-01
7.780000e+00 -7.518554e-01
7.790000e+00 -7.578646e-01
7.800000e+00 -7.638149e-01
7.810000e+00 -7.697055e-01
7.820000e+00 -7.755355e-01
7.830000e+00 -7.813042e-01
7.840000e+00 -7.870106e-01
7.850000e+00 -7.926542e-01
7.860000e+00 -7.982339e-01
7.870000e+00 -8.037490e-01
7.880000e+00 -8.091988e-01
7.890000e+00 -8.145824e-01
7.900000e+00 -8.198990e-01
7.910000e+00 -8.251478e-01
7.920000e+00 -8.303281e-01
7.930000e+00 -8.354390e-01
7.940000e+00 -8.404797e-01
7.950000e+00 -8.454496e-01
7.960000e+00 -8.503478e-01
7.970000e+00 -8.551735e-01
7.980000e+00 -8.599260e-01
7.990000e+00 -8.646046e-01
8.000000e+00 -8.692084e-01
8.010000e+00 -8.737367e-01
8.020000e+00 -8.781889e-01
8.030000e+00 -8.825641e-01
8.040000e+00 -8.868616e-01
8.050000e+00 -8.910808e-01
8.060000e+00 -8.952209e-01
8.070000e+00 -8.992812e-01
8.080000e+00 -9.032610e-01
8.090000e+00 -9.071597e-01
8.100000e+00 -9.109765e-01
8.110000e+00 -9.147109e-01
8.120000e+00 -9.183621e-01
8.130000e+00 -9.219296e-01
8.140000e+00 -9.254127e-01
8.150000e+00 -9.288107e-01
8.160000e+00 -9.321231e-01
8.170000e+00 -9.353494e-01
8.180000e+00 -9.384888e-01
8.190000e+00 -9.415409e-01
8.200000e+00 -9.445050e-01
8.210000e+00 -9.473807e-01
8.220000e+00 -9.501674e-01
8.230000e+00 -9.528646e-01
8.240000e+00 -9.554718e-01
8.250000e+00 -9.579886e-01
8.260000e+00 -9.604144e-01
8.270000e+00 -9.627488e-01
8.280000e+00 -9.649913e-01
8.290000e+00 -9.671416e-01
8.300000e+00 -9.691992e-01
8.310000e+00 -9.711638e-01
8.320000e+00 -9.730349e-01
8.330000e+00 -9.748122e-01
8.340000e+00 -9.764955e-01
8.350000e+00 -9.780842e-01
8.360000e+00 -9.795782e-01
8.370000e+00 -9.809772e-01
8.380000e+00 -9.822808e-01
8.390000e+00 -9.834889e-01
8.400000e+00 -9.846012e-01
8.410000e+00 -9.856174e-01
8.420000e+00 -9.865374e-01
8.430000e+00 -9.873611e-01
8.440000e+00 -9.880882e-01
8.450000e+00 -9.887185e-01
8.460000e+00 -9.892521e-01
8.470000e+00 -9.896887e-01
8.480000e+00 -9.900283e-01
8.490000e+00 -9.902709e-01
8.500000e+00 -9.904163e-01
8.510000e+00 -9.904646e-01
8.520000e+00 -9.904157e-01
8.530000e+00 -9.902696e-01
8.540000e+00 -9.900264e-01
8.550000e+00 -9.896862e-01
8.560000e+00 -9.892489e-01
8.570000e+00 -9.887147e-01
8.580000e+00 -9.880837e-01
8.590000e+00 -9.873559e-01
8.600000e+00 -9.865317e-01
8.610000e+00 -9.856110e-01
8.620000e+00 -9.845941e-01
8.630000e+00 -9.834812e-01
8.640000e+00 -9.822725e-01
8.650000e+00 -9.809682e-01
8.660000e+00 -9.795687e-01
8.670000e+00 -9.780740e-01
8.680000e+00 -9.764846e-01
8.690000e+00 -9.748008e-01
8.700000e+00 -9.730228e-01
8.710000e+00 -9.711511e-01
8.720000e+00 -9.691859e-01
8.730000e+00 -9.671277e-01
8.740000e+00 -9.649768e-01
8.750000e+00 -9.627336e-01
8.760000e+00 -9.603986e-01
8.770000e+00 -9.579722e-01
8.780000e+00 -9.554549e-01
8.790000e+00 -9.528471e-01
8.800000e+00 -9.501493e-01
8.810000e+00 -9.473620e-01
8.820000e+00 -9.444857e-01
8.830000e+00 -9.415210e-01
8.840000e+00 -9.384683e-01
8.850000e+00 -9.353283e-01
8.860000e+00 -9.321015e-01
8.870000e+00 -9.287885e-01
8.880000e+00 -9.253899e-01
8.890000e+00 -9.219063e-01
8.900000e+00 -9.183383e-01
8.910000e+00 -9.146865e-01
8.920000e+00 -9.109516e-01
8.930000e+00 -9.071342e-01
8.940000e+00 -9.032349e-01
8.950000e+00 -8.992546e-01
8.960000e+00 -8.951938e-01
8.970000e+00 -8.910531e-01
8.980000e+00 -8.868335e-01
8.990000e+00 -8.825354e-01
9.000000e+00 -8.781597e-01
9.010000e+00 -8.737070e-01
9.020000e+00 -8.691782e-01
9.030000e+00 -8.645739e-01
9.040000e+00 -8.598949e-01
9.050000e+00 -8.551419e-01
9.060000e+00 -8.503156e-01
9.070000e+00 -8.454170e-01
9.080000e+00 -8.404466e-01
9.090000e+00 -8.354054e-01
9.100000e+00 -8.302940e-01
9.110000e+00 -8.251133e-01
9.120000e+00 -8.198640e-01
9.130000e+00 -8.145470e-01
9.140000e+00 -8.091630e-01
9.150000e+00 -8.037128e-01
9.160000e+00 -7.981972e-01
9.170000e+00 -7.926171e-01
9.180000e+00 -7.869731e-01
9.190000e+00 -7.812662e-01
9.200000e+00 -7.754972e-01
9.210000e+00 -7.696667e-01
9.220000e+00 -7.637758e-01
9.230000e+00 -7.578251e-01
9.240000e+00 -7.518154e-01
9.250000e+00 -7.457477e-01
9.260000e+00 -7.396226e-01
9.270000e+00 -7.334410e-01
9.280000e+00 -7.272037e-01
9.290000e+00 -7.209115e-01
9.300000e+00 -7.145652e-01
9.310000e+00 -7.081657e-01
9.320000e+00 -7.017136e-01
9.330000e+00 -6.952098e-01
9.340000e+00 -6.886552e-01
9.350000e+00 -6.820504e-01
9.360000e+00 -6.753963e-01
9.370000e+00 -6.686937e-01
9.380000e+00 -6.619433e-01
9.390000e+00 -6.551460e-01
9.400000e+00 -6.483025e-01
9.410000e+00 -6.414135e-01
9.420000e+00 -6.344799e-01
9.430000e+00 -6.275024e-01
9.440000e+00 -6.204818e-01
9.450000e+00 -6.134188e-01
9.460000e+00 -6.063141e-01
9.470000e+00 -5.991686e-01
9.480000e+00 -5.919829e-01
9.490000e+00 -5.847578e-01
9.500000e+00 -5.774941e-01
9.510000e+00 -5.701924e-01
9.520000e+00 -5.628534e-01
9.530000e+00 -5.554779e-01
9.540000e+00 -5.480666e-01
9.550000e+00 -5.406202e-01
9.560000e+00 -5.331394e-01
9.570000e+00 -5.256249e-01
9.580000e+00 -5.180773e-01
9.590000e+00 -5.104973e-01
9.600000e+00 -5.028857e-01
9.610000e+00 -4.952430e-01
9.620000e+00 -4.875699e-01
9.630000e+00 -4.798672e-01
9.640000e+00 -4.721354e-01
9.650000e+00 -4.643752e-01
9.660000e+00 -4.565871e-01
9.670000e+00 -4.487720e-01
9.680000e+00 -4.409303e-01
9.690000e+00 -4.330626e-01
9.700000e+00 -4.251697e-01
9.710000e+00 -4.172521e-01
9.720000e+00 -4.093104e-01
9.730000e+00 -4.013452e-01
9.740000e+00 -3.933570e-01
9.750000e+00 -3.853466e-01
9.760000e+00 -3.773143e-01
9.770000e+00 -3.692609e-01
9.780000e+00 -3.611868e-01
9.790000e+00 -3.530927e-01
9.800000e+00 -3.449790e-01
9.810000e+00 -3.368464e-01
9.820000e+00 -3.286954e-01
9.830000e+00 -3.205264e-01
9.840000e+00 -3.123401e-01
9.850000e+00 -3.041369e-01
9.860000e+00 -2.959174e-01
9.870000e+00 -2.876821e-01
9.880000e+00 -2.794315e-01
9.890000e+00 -2.711661e-01
9.900000e+00 -2.628864e-01
9.910000e+00 -2.545929e-01
9.920000e+00 -2.462861e-01
9.930000e+00 -2.379664e-01
9.940000e+00 -2.296344e-01
9.950000e+00 -2.212906e-01
9.960000e+00 -2.129353e-01
9.970000e+00 -2.045691e-01
9.980000e+00 -1.961925e-01
9.990000e+00 -1.878058e-01
1.000000e+01 -1.794096e-01
