0.000000e+00 1.047198e+00
1.000000e-02 1.047198e+00
2.000000e-02 1.047113e+00
3.000000e-02 1.046943e+00
4.000000e-02 1.046688e+00
5.000000e-02 1.046348e+00
6.000000e-02 1.045923e+00
7.000000e-02 1.045414e+00
8.000000e-02 1.044819e+00
9.000000e-02 1.044140e+00
1.000000e-01 1.043376e+00
1.100000e-01 1.042527e+00
1.200000e-01 1.041593e+00
1.300000e-01 1.040575e+00
1.400000e-01 1.039472e+00
1.500000e-01 1.038285e+00
1.600000e-01 1.037013e+00
1.700000e-01 1.035656e+00
1.800000e-01 1.034215e+00
1.900000e-01 1.032690e+00
2.000000e-01 1.031081e+00
2.100000e-01 1.029387e+00
2.200000e-01 1.027610e+00
2.300000e-01 1.025748e+00
2.400000e-01 1.023802e+00
2.500000e-01 1.021773e+00
2.600000e-01 1.019660e+00
2.700000e-01 1.017464e+00
2.800000e-01 1.015184e+00
2.900000e-01 1.012820e+00
3.000000e-01 1.010374e+00
3.100000e-01 1.007844e+00
3.200000e-01 1.005232e+00
3.300000e-01 1.002536e+00
3.400000e-01 9.997580e-01
3.500000e-01 9.968973e-01
3.600000e-01 9.939543e-01
3.700000e-01 9.909290e-01
3.800000e-01 9.878217e-01
3.900000e-01 9.846324e-01
4.000000e-01 9.813615e-01
4.100000e-01 9.780090e-01
4.200000e-01 9.745751e-01
4.300000e-01 9.710601e-01
4.400000e-01 9.674641e-01
4.500000e-01 9.637873e-01
4.600000e-01 9.600299e-01
4.700000e-01 9.561922e-01
4.800000e-01 9.522743e-01
4.900000e-01 9.482765e-01
5.000000e-01 9.441990e-01
5.100000e-01 9.400420e-01
5.200000e-01 9.358058e-01
5.300000e-01 9.314906e-01
5.400000e-01 9.270967e-01
5.500000e-01 9.226244e-01
5.600000e-01 9.180738e-01
5.700000e-01 9.134453e-01
5.800000e-01 9.087391e-01
5.900000e-01 9.039556e-01
6.000000e-01 8.990950e-01
6.100000e-01 8.941575e-01
6.200000e-01 8.891436e-01
6.300000e-01 8.840536e-01
6.400000e-01 8.788876e-01
6.500000e-01 8.736461e-01
6.600000e-01 8.683295e-01
6.700000e-01 8.629379e-01
6.800000e-01 8.574718e-01
6.900000e-01 8.519315e-01
7.000000e-01 8.463174e-01
7.100000e-01 8.406299e-01
7.200000e-01 8.348692e-01
7.300000e-01 8.290358e-01
7.400000e-01 8.231301e-01
7.500000e-01 8.171525e-01
7.600000e-01 8.111033e-01
7.700000e-01 8.049830e-01
7.800000e-01 7.987920e-01
7.900000e-01 7.925307e-01
8.000000e-01 7.861996e-01
8.100000e-01 7.797990e-01
8.200000e-01 7.733294e-01
8.300000e-01 7.667914e-01
8.400000e-01 7.601852e-01
8.500000e-01 7.535115e-01
8.600000e-01 7.467706e-01
8.700000e-01 7.399631e-01
8.800000e-01 7.330895e-01
8.900000e-01 7.261502e-01
9.000000e-01 7.191458e-01
9.100000e-01 7.120767e-01
9.200000e-01 7.049436e-01
9.300000e-01 6.977468e-01
9.400000e-01 6.904871e-01
9.500000e-01 6.831649e-01
9.600000e-01 6.757807e-01
9.700000e-01 6.683352e-01
9.800000e-01 6.608289e-01
9.900000e-01 6.532624e-01
1.000000e+00 6.456362e-01
1.010000e+00 6.379511e-01
1.020000e+00 6.302075e-01
1.030000e+00 6.224061e-01
1.040000e+00 6.145475e-01
1.050000e+00 6.066323e-01
1.060000e+00 5.986613e-01
1.070000e+00 5.906349e-01
1.080000e+00 5.825539e-01
1.090000e+00 5.744189e-01
1.100000e+00 5.662307e-01
1.110000e+00 5.579898e-01
1.120000e+00 5.496969e-01
1.130000e+00 5.413528e-01
1.140000e+00 5.329582e-01
1.150000e+00 5.245137e-01
1.160000e+00 5.160201e-01
1.170000e+00 5.074781e-01
1.180000e+00 4.988884e-01
1.190000e+00 4.902518e-01
1.200000e+00 4.815690e-01
1.210000e+00 4.728407e-01
1.220000e+00 4.640678e-01
1.230000e+00 4.552509e-01
1.240000e+00 4.463910e-01
1.250000e+00 4.374886e-01
1.260000e+00 4.285448e-01
1.270000e+00 4.195601e-01
1.280000e+00 4.105355e-01
1.290000e+00 4.014717e-01
1.300000e+00 3.923696e-01
1.310000e+00 3.832300e-01
1.320000e+00 3.740537e-01
1.330000e+00 3.648416e-01
1.340000e+00 3.555945e-01
1.350000e+00 3.463132e-01
1.360000e+00 3.369986e-01
1.370000e+00 3.276516e-01
1.380000e+00 3.182730e-01
1.390000e+00 3.088637e-01
1.400000e+00 2.994246e-01
1.410000e+00 2.899565e-01
1.420000e+00 2.804604e-01
1.430000e+00 2.709372e-01
1.440000e+00 2.613877e-01
1.450000e+00 2.518128e-01
1.460000e+00 2.422135e-01
1.470000e+00 2.325907e-01
1.480000e+00 2.229452e-01
1.490000e+00 2.132781e-01
1.500000e+00 2.035902e-01
1.510000e+00 1.938825e-01
1.520000e+00 1.841558e-01
1.530000e+00 1.744112e-01
1.540000e+00 1.646496e-01
1.550000e+00 1.548719e-01
1.560000e+00 1.450791e-01
1.570000e+00 1.352721e-01
1.580000e+00 1.254518e-01
1.590000e+00 1.156193e-01
1.600000e+00 1.057755e-01
1.610000e+00 9.592127e-02
1.620000e+00 8.605768e-02
1.630000e+00 7.618566e-02
1.640000e+00 6.630618e-02
1.650000e+00 5.642019e-02
1.660000e+00 4.652867e-02
1.670000e+00 3.663259e-02
1.680000e+00 2.673292e-02
1.690000e+00 1.683062e-02
1.700000e+00 6.926676e-03
1.710000e+00 -2.977951e-03
1.720000e+00 -1.288228e-02
1.730000e+00 -2.278536e-02
1.740000e+00 -3.268619e-02
1.750000e+00 -4.258382e-02
1.760000e+00 -5.247727e-02
1.770000e+00 -6.236558e-02
1.780000e+00 -7.224777e-02
1.790000e+00 -8.212289e-02
1.800000e+00 -9.198995e-02
1.810000e+00 -1.018480e-01
1.820000e+00 -1.116961e-01
1.830000e+00 -1.215332e-01
1.840000e+00 -1.313585e-01
1.850000e+00 -1.411709e-01
1.860000e+00 -1.509695e-01
1.870000e+00 -1.607533e-01
1.880000e+00 -1.705215e-01
1.890000e+00 -1.802730e-01
1.900000e+00 -1.900069e-01
1.910000e+00 -1.997223e-01
1.920000e+00 -2.094182e-01
1.930000e+00 -2.190937e-01
1.940000e+00 -2.287479e-01
1.950000e+00 -2.383799e-01
1.960000e+00 -2.479886e-01
1.970000e+00 -2.575734e-01
1.980000e+00 -2.671331e-01
1.990000e+00 -2.766669e-01
2.000000e+00 -2.861739e-01
2.010000e+00 -2.956533e-01
2.020000e+00 -3.051040e-01
2.030000e+00 -3.145253e-01
2.040000e+00 -3.239163e-01
2.050000e+00 -3.332760e-01
2.060000e+00 -3.426036e-01
2.070000e+00 -3.518983e-01
2.080000e+00 -3.611591e-01
2.090000e+00 -3.703853e-01
2.100000e+00 -3.795760e-01
2.110000e+00 -3.887303e-01
2.120000e+00 -3.978475e-01
2.130000e+00 -4.069266e-01
2.140000e+00 -4.159669e-01
2.150000e+00 -4.249676e-01
2.160000e+00 -4.339279e-01
2.170000e+00 -4.428468e-01
2.180000e+00 -4.517238e-01
2.190000e+00 -4.605579e-01
2.200000e+00 -4.693484e-01
2.210000e+00 -4.780946e-01
2.220000e+00 -4.867956e-01
2.230000e+00 -4.954507e-01
2.240000e+00 -5.040592e-01
2.250000e+00 -5.126203e-01
2.260000e+00 -5.211333e-01
2.270000e+00 -5.295975e-01
2.280000e+00 -5.380121e-01
2.290000e+00 -5.463764e-01
2.300000e+00 -5.546898e-01
2.310000e+00 -5.629515e-01
2.320000e+00 -5.711608e-01
2.330000e+00 -5.793171e-01
2.340000e+00 -5.874197e-01
2.350000e+00 -5.954679e-01
2.360000e+00 -6.034611e-01
2.370000e+00 -6.113986e-01
2.380000e+00 -6.192799e-01
2.390000e+00 -6.271041e-01
2.400000e+00 -6.348709e-01
2.410000e+00 -6.425794e-01
2.420000e+00 -6.502291e-01
2.430000e+00 -6.578195e-01
2.440000e+00 -6.653499e-01
2.450000e+00 -6.728197e-01
2.460000e+00 -6.802284e-01
2.470000e+00 -6.875754e-01
2.480000e+00 -6.948601e-01
2.490000e+00 -7.020820e-01
2.500000e+00 -7.092405e-01
2.510000e+00 -7.163352e-01
2.520000e+00 -7.233655e-01
2.530000e+00 -7.303308e-01
2.540000e+00 -7.372307e-01
2.550000e+00 -7.440646e-01
2.560000e+00 -7.508321e-01
2.570000e+00 -7.575326e-01
2.580000e+00 -7.641658e-01
2.590000e+00 -7.707311e-01
2.600000e+00 -7.772280e-01
2.610000e+00 -7.836561e-01
2.620000e+00 -7.900150e-01
2.630000e+00 -7.963042e-01
2.640000e+00 -8.025233e-01
2.650000e+00 -8.086718e-01
2.660000e+00 -8.147494e-01
2.670000e+00 -8.207556e-01
2.680000e+00 -8.266900e-01
2.690000e+00 -8.325523e-01
2.700000e+00 -8.383419e-01
2.710000e+00 -8.440587e-01
2.720000e+00 -8.497021e-01
2.730000e+00 -8.552719e-01
2.740000e+00 -8.607676e-01
2.750000e+00 -8.661889e-01
2.760000e+00 -8.715355e-01
2.770000e+00 -8.768070e-01
2.780000e+00 -8.820031e-01
2.790000e+00 -8.871235e-01
2.800000e+00 -8.921678e-01
2.810000e+00 -8.971357e-01
2.820000e+00 -9.020270e-01
2.830000e+00 -9.068413e-01
2.840000e+00 -9.115783e-01
2.850000e+00 -9.162378e-01
2.860000e+00 -9.208195e-01
2.870000e+00 -9.253231e-01
2.880000e+00 -9.297483e-01
2.890000e+00 -9.340949e-01
2.900000e+00 -9.383626e-01
2.910000e+00 -9.425512e-01
2.920000e+00 -9.466604e-01
2.930000e+00 -9.506900e-01
2.940000e+00 -9.546398e-01
2.950000e+00 -9.585095e-01
2.960000e+00 -9.622989e-01
2.970000e+00 -9.660079e-01
2.980000e+00 -9.696361e-01
2.990000e+00 -9.731835e-01
3.000000e+00 -9.766497e-01
3.010000e+00 -9.800347e-01
3.020000e+00 -9.833382e-01
3.030000e+00 -9.865600e-01
3.040000e+00 -9.897000e-01
3.050000e+00 -9.927580e-01
3.060000e+00 -9.957339e-01
3.070000e+00 -9.986274e-01
3.080000e+00 -1.001438e+00
3.090000e+00 -1.004167e+00
3.100000e+00 -1.006813e+00
3.110000e+00 -1.009375e+00
3.120000e+00 -1.011855e+00
3.130000e+00 -1.014251e+00
3.140000e+00 -1.016565e+00
3.150000e+00 -1.018795e+00
3.160000e+00 -1.020941e+00
3.170000e+00 -1.023003e+00
3.180000e+00 -1.024982e+00
3.190000e+00 -1.026877e+00
3.200000e+00 -1.028689e+00
3.210000e+00 -1.030416e+00
3.220000e+00 -1.032059e+00
3.230000e+00 -1.033617e+00
3.240000e+00 -1.035092e+00
3.250000e+00 -1.036482e+00
3.260000e+00 -1.037788e+00
3.270000e+00 -1.039009e+00
3.280000e+00 -1.040146e+00
3.290000e+00 -1.041198e+00
3.300000e+00 -1.042165e+00
3.310000e+00 -1.043048e+00
3.320000e+00 -1.043846e+00
3.330000e+00 -1.044559e+00
3.340000e+00 -1.045187e+00
3.350000e+00 -1.045730e+00
3.360000e+00 -1.046189e+00
3.370000e+00 -1.046563e+00
3.380000e+00 -1.046851e+00
3.390000e+00 -1.047055e+00
3.400000e+00 -1.047174e+00
3.410000e+00 -1.047208e+00
3.420000e+00 -1.047157e+00
3.430000e+00 -1.047021e+00
3.440000e+00 -1.046800e+00
3.450000e+00 -1.046494e+00
3.460000e+00 -1.046103e+00
3.470000e+00 -1.045627e+00
3.480000e+00 -1.045066e+00
3.490000e+00 -1.044421e+00
3.500000e+00 -1.043691e+00
3.510000e+00 -1.042876e+00
3.520000e+00 -1.041976e+00
3.530000e+00 -1.040991e+00
3.540000e+00 -1.039922e+00
3.550000e+00 -1.038768e+00
3.560000e+00 -1.037530e+00
3.570000e+00 -1.036207e+00
3.580000e+00 -1.034800e+00
3.590000e+00 -1.033308e+00
3.600000e+00 -1.031732e+00
3.610000e+00 -1.030072e+00
3.620000e+00 -1.028328e+00
3.630000e+00 -1.026500e+00
3.640000e+00 -1.024588e+00
3.650000e+00 -1.022592e+00
3.660000e+00 -1.020513e+00
3.670000e+00 -1.018349e+00
3.680000e+00 -1.016103e+00
3.690000e+00 -1.013773e+00
3.700000e+00 -1.011359e+00
3.710000e+00 -1.008863e+00
3.720000e+00 -1.006283e+00
3.730000e+00 -1.003621e+00
3.740000e+00 -1.000875e+00
3.750000e+00 -9.980477e-01
3.760000e+00 -9.951375e-01
3.770000e+00 -9.921450e-01
3.780000e+00 -9.890703e-01
3.790000e+00 -9.859137e-01
3.800000e+00 -9.826753e-01
3.810000e+00 -9.793553e-01
3.820000e+00 -9.759539e-01
3.830000e+00 -9.724712e-01
3.840000e+00 -9.689074e-01
3.850000e+00 -9.652628e-01
3.860000e+00 -9.615375e-01
3.870000e+00 -9.577318e-01
3.880000e+00 -9.538458e-01
3.890000e+00 -9.498799e-01
3.900000e+00 -9.458341e-01
3.910000e+00 -9.417088e-01
3.920000e+00 -9.375042e-01
3.930000e+00 -9.332204e-01
3.940000e+00 -9.288579e-01
3.950000e+00 -9.244168e-01
3.960000e+00 -9.198974e-01
3.970000e+00 -9.152999e-01
3.980000e+00 -9.106246e-01
3.990000e+00 -9.058719e-01
4.000000e+00 -9.010420e-01
4.010000e+00 -8.961352e-01
4.020000e+00 -8.911517e-01
4.030000e+00 -8.860920e-01
4.040000e+00 -8.809562e-01
4.050000e+00 -8.757448e-01
4.060000e+00 -8.704581e-01
4.070000e+00 -8.650963e-01
4.080000e+00 -8.596599e-01
4.090000e+00 -8.541492e-01
4.100000e+00 -8.485645e-01
4.110000e+00 -8.429061e-01
4.120000e+00 -8.371746e-01
4.130000e+00 -8.313701e-01
4.140000e+00 -8.254932e-01
4.150000e+00 -8.195442e-01
4.160000e+00 -8.135235e-01
4.170000e+00 -8.074316e-01
4.180000e+00 -8.012687e-01
4.190000e+00 -7.950354e-01
4.200000e+00 -7.887320e-01
4.210000e+00 -7.823591e-01
4.220000e+00 -7.759170e-01
4.230000e+00 -7.694061e-01
4.240000e+00 -7.628271e-01
4.250000e+00 -7.561802e-01
4.260000e+00 -7.494661e-01
4.270000e+00 -7.426851e-01
4.280000e+00 -7.358377e-01
4.290000e+00 -7.289246e-01
4.300000e+00 -7.219460e-01
4.310000e+00 -7.149027e-01
4.320000e+00 -7.077950e-01
4.330000e+00 -7.006236e-01
4.340000e+00 -6.933889e-01
4.350000e+00 -6.860915e-01
4.360000e+00 -6.787320e-01
4.370000e+00 -6.713109e-01
4.380000e+00 -6.638287e-01
4.390000e+00 -6.562862e-01
4.400000e+00 -6.486837e-01
4.410000e+00 -6.410220e-01
4.420000e+00 -6.333017e-01
4.430000e+00 -6.255232e-01
4.440000e+00 -6.176874e-01
4.450000e+00 -6.097947e-01
4.460000e+00 -6.018458e-01
4.470000e+00 -5.938414e-01
4.480000e+00 -5.857821e-01
4.490000e+00 -5.776686e-01
4.500000e+00 -5.695015e-01
4.510000e+00 -5.612815e-01
4.520000e+00 -5.530093e-01
4.530000e+00 -5.446855e-01
4.540000e+00 -5.363110e-01
4.550000e+00 -5.278863e-01
4.560000e+00 -5.194122e-01
4.570000e+00 -5.108893e-01
4.580000e+00 -5.023186e-01
4.590000e+00 -4.937006e-01
4.600000e+00 -4.850361e-01
4.610000e+00 -4.763259e-01
4.620000e+00 -4.675706e-01
4.630000e+00 -4.587712e-01
4.640000e+00 -4.499284e-01
4.650000e+00 -4.410428e-01
4.660000e+00 -4.321154e-01
4.670000e+00 -4.231469e-01
4.680000e+00 -4.141381e-01
4.690000e+00 -4.050899e-01
4.700000e+00 -3.960030e-01
4.710000e+00 -3.868782e-01
4.720000e+00 -3.777165e-01
4.730000e+00 -3.685185e-01
4.740000e+00 -3.592852e-01
4.750000e+00 -3.500175e-01
4.760000e+00 -3.407160e-01
4.770000e+00 -3.313818e-01
4.780000e+00 -3.220157e-01
4.790000e+00 -3.126186e-01
4.800000e+00 -3.031912e-01
4.810000e+00 -2.937346e-01
4.820000e+00 -2.842496e-01
4.830000e+00 -2.747371e-01
4.840000e+00 -2.651979e-01
4.850000e+00 -2.556331e-01
4.860000e+00 -2.460434e-01
4.870000e+00 -2.364298e-01
4.880000e+00 -2.267933e-01
4.890000e+00 -2.171347e-01
4.900000e+00 -2.074550e-01
4.910000e+00 -1.977550e-01
4.920000e+00 -1.880358e-01
4.930000e+00 -1.782983e-01
4.940000e+00 -1.685433e-01
4.950000e+00 -1.587719e-01
4.960000e+00 -1.489850e-01
4.970000e+00 -1.391835e-01
4.980000e+00 -1.293685e-01
4.990000e+00 -1.195407e-01
5.000000e+00 -1.097013e-01
5.010000e+00 -9.985110e-02
5.020000e+00 -8.999114e-02
5.030000e+00 -8.012236e-02
5.040000e+00 -7.024574e-02
5.050000e+00 -6.036223e-02
5.060000e+00 -5.047280e-02
5.070000e+00 -4.057842e-02
5.080000e+00 -3.068006e-02
5.090000e+00 -2.077870e-02
5.100000e+00 -1.087529e-02
5.110000e+00 -9.708204e-04
5.120000e+00 8.933747e-03
5.130000e+00 1.883744e-02
5.140000e+00 2.873928e-02
5.150000e+00 3.863830e-02
5.160000e+00 4.853354e-02
5.170000e+00 5.842401e-02
5.180000e+00 6.830876e-02
5.190000e+00 7.818681e-02
5.200000e+00 8.805720e-02
5.210000e+00 9.791896e-02
5.220000e+00 1.077711e-01
5.230000e+00 1.176128e-01
5.240000e+00 1.274429e-01
5.250000e+00 1.372605e-01
5.260000e+00 1.470647e-01
5.270000e+00 1.568546e-01
5.280000e+00 1.666291e-01
5.290000e+00 1.763873e-01
5.300000e+00 1.861284e-01
5.310000e+00 1.958512e-01
5.320000e+00 2.055550e-01
5.330000e+00 2.152388e-01
5.340000e+00 2.249016e-01
5.350000e+00 2.345425e-01
5.360000e+00 2.441607e-01
5.370000e+00 2.537551e-01
5.380000e+00 2.633249e-01
5.390000e+00 2.728691e-01
5.400000e+00 2.823870e-01
5.410000e+00 2.918775e-01
5.420000e+00 3.013397e-01
5.430000e+00 3.107729e-01
5.440000e+00 3.201760e-01
5.450000e+00 3.295483e-01
5.460000e+00 3.388888e-01
5.470000e+00 3.481967e-01
5.480000e+00 3.574711e-01
5.490000e+00 3.667113e-01
5.500000e+00 3.759162e-01
5.510000e+00 3.850851e-01
5.520000e+00 3.942172e-01
5.530000e+00 4.033116e-01
5.540000e+00 4.123675e-01
5.550000e+00 4.213841e-01
5.560000e+00 4.303605e-01
5.570000e+00 4.392960e-01
5.580000e+00 4.481898e-01
5.590000e+00 4.570411e-01
5.600000e+00 4.658491e-01
5.610000e+00 4.746131e-01
5.620000e+00 4.833322e-01
5.630000e+00 4.920057e-01
5.640000e+00 5.006329e-01
5.650000e+00 5.092130e-01
5.660000e+00 5.177452e-01
5.670000e+00 5.262289e-01
5.680000e+00 5.346634e-01
5.690000e+00 5.430478e-01
5.700000e+00 5.513816e-01
5.710000e+00 5.596640e-01
5.720000e+00 5.678942e-01
5.730000e+00 5.760718e-01
5.740000e+00 5.841958e-01
5.750000e+00 5.922658e-01
5.760000e+00 6.002810e-01
5.770000e+00 6.082408e-01
5.780000e+00 6.161446e-01
5.790000e+00 6.239916e-01
5.800000e+00 6.317814e-01
5.810000e+00 6.395132e-01
5.820000e+00 6.471864e-01
5.830000e+00 6.548005e-01
5.840000e+00 6.623549e-01
5.850000e+00 6.698489e-01
5.860000e+00 6.772821e-01
5.870000e+00 6.846537e-01
5.880000e+00 6.919633e-01
5.890000e+00 6.992103e-01
5.900000e+00 7.063942e-01
5.910000e+00 7.135144e-01
5.920000e+00 7.205704e-01
5.930000e+00 7.275617e-01
5.940000e+00 7.344877e-01
5.950000e+00 7.413480e-01
5.960000e+00 7.481420e-01
5.970000e+00 7.548693e-01
5.980000e+00 7.615294e-01
5.990000e+00 7.681218e-01
6.000000e+00 7.746460e-01
6.010000e+00 7.811016e-01
6.020000e+00 7.874882e-01
6.030000e+00 7.938052e-01
6.040000e+00 8.000523e-01
6.050000e+00 8.062290e-01
6.060000e+00 8.123349e-01
6.070000e+00 8.183696e-01
6.080000e+00 8.243327e-01
6.090000e+00 8.302238e-01
6.100000e+00 8.360424e-01
6.110000e+00 8.417883e-01
6.120000e+00 8.474610e-01
6.130000e+00 8.530602e-01
6.140000e+00 8.585855e-01
6.150000e+00 8.640365e-01
6.160000e+00 8.694129e-01
6.170000e+00 8.747144e-01
6.180000e+00 8.799406e-01
6.190000e+00 8.850912e-01
6.200000e+00 8.901658e-01
6.210000e+00 8.951643e-01
6.220000e+00 9.000861e-01
6.230000e+00 9.049312e-01
6.240000e+00 9.096991e-01
6.250000e+00 9.143895e-01
6.260000e+00 9.190022e-01
6.270000e+00 9.235370e-01
6.280000e+00 9.279935e-01
6.290000e+00 9.323714e-01
6.300000e+00 9.366706e-01
6.310000e+00 9.408908e-01
6.320000e+00 9.450317e-01
6.330000e+00 9.490931e-01
6.340000e+00 9.530747e-01
6.350000e+00 9.569763e-01
6.360000e+00 9.607978e-01
6.370000e+00 9.645389e-01
6.380000e+00 9.681993e-01
6.390000e+00 9.717789e-01
6.400000e+00 9.752775e-01
6.410000e+00 9.786949e-01
6.420000e+00 9.820309e-01
6.430000e+00 9.852853e-01
6.440000e+00 9.884580e-01
6.450000e+00 9.915487e-01
6.460000e+00 9.945573e-01
6.470000e+00 9.974837e-01
6.480000e+00 1.000328e+00
6.490000e+00 1.003089e+00
6.500000e+00 1.005768e+00
6.510000e+00 1.008363e+00
6.520000e+00 1.010876e+00
6.530000e+00 1.013306e+00
6.540000e+00 1.015652e+00
6.550000e+00 1.017916e+00
6.560000e+00 1.020095e+00
6.570000e+00 1.022191e+00
6.580000e+00 1.024204e+00
6.590000e+00 1.026132e+00
6.600000e+00 1.027977e+00
6.610000e+00 1.029737e+00
6.620000e+00 1.031414e+00
6.630000e+00 1.033006e+00
6.640000e+00 1.034514e+00
6.650000e+00 1.035938e+00
6.660000e+00 1.037277e+00
6.670000e+00 1.038532e+00
6.680000e+00 1.039702e+00
6.690000e+00 1.040788e+00
6.700000e+00 1.041789e+00
6.710000e+00 1.042706e+00
6.720000e+00 1.043538e+00
6.730000e+00 1.044284e+00
6.740000e+00 1.044947e+00
6.750000e+00 1.045524e+00
6.760000e+00 1.046016e+00
6.770000e+00 1.046424e+00
6.780000e+00 1.046746e+00
6.790000e+00 1.046984e+00
6.800000e+00 1.047137e+00
6.810000e+00 1.047204e+00
6.820000e+00 1.047187e+00
6.830000e+00 1.047085e+00
6.840000e+00 1.046898e+00
6.850000e+00 1.046626e+00
6.860000e+00 1.046269e+00
6.870000e+00 1.045827e+00
6.880000e+00 1.045300e+00
6.890000e+00 1.044688e+00
6.900000e+00 1.043992e+00
6.910000e+00 1.043211e+00
6.920000e+00 1.042345e+00
6.930000e+00 1.041394e+00
6.940000e+00 1.040358e+00
6.950000e+00 1.039238e+00
6.960000e+00 1.038034e+00
6.970000e+00 1.036745e+00
6.980000e+00 1.035371e+00
6.990000e+00 1.033913e+00
7.000000e+00 1.032371e+00
7.010000e+00 1.030744e+00
7.020000e+00 1.029034e+00
7.030000e+00 1.027239e+00
7.040000e+00 1.025361e+00
7.050000e+00 1.023398e+00
7.060000e+00 1.021352e+00
7.070000e+00 1.019222e+00
7.080000e+00 1.017008e+00
7.090000e+00 1.014712e+00
7.100000e+00 1.012331e+00
7.110000e+00 1.009868e+00
7.120000e+00 1.007321e+00
7.130000e+00 1.004692e+00
7.140000e+00 1.001980e+00
7.150000e+00 9.991849e-01
7.160000e+00 9.963076e-01
7.170000e+00 9.933479e-01
7.180000e+00 9.903059e-01
7.190000e+00 9.871820e-01
7.200000e+00 9.839762e-01
7.210000e+00 9.806887e-01
7.220000e+00 9.773197e-01
7.230000e+00 9.738694e-01
7.240000e+00 9.703379e-01
7.250000e+00 9.667255e-01
7.260000e+00 9.630324e-01
7.270000e+00 9.592587e-01
7.280000e+00 9.554047e-01
7.290000e+00 9.514706e-01
7.300000e+00 9.474566e-01
7.310000e+00 9.433630e-01
7.320000e+00 9.391899e-01
7.330000e+00 9.349377e-01
7.340000e+00 9.306066e-01
7.350000e+00 9.261968e-01
7.360000e+00 9.217085e-01
7.370000e+00 9.171421e-01
7.380000e+00 9.124979e-01
7.390000e+00 9.077760e-01
7.400000e+00 9.029768e-01
7.410000e+00 8.981006e-01
7.420000e+00 8.931477e-01
7.430000e+00 8.881183e-01
7.440000e+00 8.830128e-01
7.450000e+00 8.778316e-01
7.460000e+00 8.725748e-01
7.470000e+00 8.672429e-01
7.480000e+00 8.618362e-01
7.490000e+00 8.563551e-01
7.500000e+00 8.507998e-01
7.510000e+00 8.451708e-01
7.520000e+00 8.394684e-01
7.530000e+00 8.336930e-01
7.540000e+00 8.278449e-01
7.550000e+00 8.219246e-01
7.560000e+00 8.159324e-01
7.570000e+00 8.098688e-01
7.580000e+00 8.037342e-01
7.590000e+00 7.975289e-01
7.600000e+00 7.912534e-01
7.610000e+00 7.849081e-01
7.620000e+00 7.784935e-01
7.630000e+00 7.720101e-01
7.640000e+00 7.654582e-01
7.650000e+00 7.588383e-01
7.660000e+00 7.521509e-01
7.670000e+00 7.453965e-01
7.680000e+00 7.385755e-01
7.690000e+00 7.316886e-01
7.700000e+00 7.247360e-01
7.710000e+00 7.177185e-01
7.720000e+00 7.106364e-01
7.730000e+00 7.034903e-01
7.740000e+00 6.962808e-01
7.750000e+00 6.890083e-01
7.760000e+00 6.816735e-01
7.770000e+00 6.742769e-01
7.780000e+00 6.668190e-01
7.790000e+00 6.593004e-01
7.800000e+00 6.517218e-01
7.810000e+00 6.440836e-01
7.820000e+00 6.363866e-01
7.830000e+00 6.286312e-01
7.840000e+00 6.208182e-01
7.850000e+00 6.129481e-01
7.860000e+00 6.050215e-01
7.870000e+00 5.970392e-01
7.880000e+00 5.890017e-01
7.890000e+00 5.809097e-01
7.900000e+00 5.727639e-01
7.910000e+00 5.645649e-01
7.920000e+00 5.563134e-01
7.930000e+00 5.480101e-01
7.940000e+00 5.396558e-01
7.950000e+00 5.312510e-01
7.960000e+00 5.227965e-01
7.970000e+00 5.142930e-01
7.980000e+00 5.057413e-01
7.990000e+00 4.971420e-01
8.000000e+00 4.884959e-01
8.010000e+00 4.798039e-01
8.020000e+00 4.710665e-01
8.030000e+00 4.622846e-01
8.040000e+00 4.534590e-01
8.050000e+00 4.445903e-01
8.060000e+00 4.356795e-01
8.070000e+00 4.267273e-01
8.080000e+00 4.177345e-01
8.090000e+00 4.087019e-01
8.100000e+00 3.996303e-01
8.110000e+00 3.905205e-01
8.120000e+00 3.813734e-01
8.130000e+00 3.721898e-01
8.140000e+00 3.629705e-01
8.150000e+00 3.537164e-01
8.160000e+00 3.444283e-01
8.170000e+00 3.351071e-01
8.180000e+00 3.257536e-01
8.190000e+00 3.163687e-01
8.200000e+00 3.069533e-01
8.210000e+00 2.975082e-01
8.220000e+00 2.880344e-01
8.230000e+00 2.785327e-01
8.240000e+00 2.690041e-01
8.250000e+00 2.594494e-01
8.260000e+00 2.498695e-01
8.270000e+00 2.402653e-01
8.280000e+00 2.306379e-01
8.290000e+00 2.209879e-01
8.300000e+00 2.113165e-01
8.310000e+00 2.016245e-01
8.320000e+00 1.919129e-01
8.330000e+00 1.821825e-01
8.340000e+00 1.724344e-01
8.350000e+00 1.626695e-01
8.360000e+00 1.528886e-01
8.370000e+00 1.430928e-01
8.380000e+00 1.332831e-01
8.390000e+00 1.234603e-01
8.400000e+00 1.136254e-01
8.410000e+00 1.037794e-01
8.420000e+00 9.392319e-02
8.430000e+00 8.405782e-02
8.440000e+00 7.418421e-02
8.450000e+00 6.430333e-02
8.460000e+00 5.441614e-02
8.470000e+00 4.452362e-02
8.480000e+00 3.462673e-02
8.490000e+00 2.472645e-02
8.500000e+00 1.482374e-02
8.510000e+00 4.919576e-03
8.520000e+00 -4.985069e-03
8.530000e+00 -1.488923e-02
8.540000e+00 -2.479192e-02
8.550000e+00 -3.469219e-02
8.560000e+00 -4.458905e-02
8.570000e+00 -5.448154e-02
8.580000e+00 -6.436868e-02
8.590000e+00 -7.424952e-02
8.600000e+00 -8.412308e-02
8.610000e+00 -9.398840e-02
8.620000e+00 -1.038445e-01
8.630000e+00 -1.136904e-01
8.640000e+00 -1.235253e-01
8.650000e+00 -1.333480e-01
8.660000e+00 -1.431577e-01
8.670000e+00 -1.529534e-01
8.680000e+00 -1.627341e-01
8.690000e+00 -1.724989e-01
8.700000e+00 -1.822469e-01
8.710000e+00 -1.919772e-01
8.720000e+00 -2.016887e-01
8.730000e+00 -2.113805e-01
8.740000e+00 -2.210518e-01
8.750000e+00 -2.307016e-01
8.760000e+00 -2.403289e-01
8.770000e+00 -2.499329e-01
8.780000e+00 -2.595126e-01
8.790000e+00 -2.690672e-01
8.800000e+00 -2.785957e-01
8.810000e+00 -2.880971e-01
8.820000e+00 -2.975708e-01
8.830000e+00 -3.070156e-01
8.840000e+00 -3.164308e-01
8.850000e+00 -3.258155e-01
8.860000e+00 -3.351688e-01
8.870000e+00 -3.444898e-01
8.880000e+00 -3.537777e-01
8.890000e+00 -3.630316e-01
8.900000e+00 -3.722507e-01
8.910000e+00 -3.814340e-01
8.920000e+00 -3.905809e-01
8.930000e+00 -3.996904e-01
8.940000e+00 -4.087618e-01
8.950000e+00 -4.177941e-01
8.960000e+00 -4.267867e-01
8.970000e+00 -4.357386e-01
8.980000e+00 -4.446491e-01
8.990000e+00 -4.535175e-01
9.000000e+00 -4.623428e-01
9.010000e+00 -4.711244e-01
9.020000e+00 -4.798615e-01
9.030000e+00 -4.885533e-01
9.040000e+00 -4.971990e-01
9.050000e+00 -5.057980e-01
9.060000e+00 -5.143494e-01
9.070000e+00 -5.228525e-01
9.080000e+00 -5.313067e-01
9.090000e+00 -5.397112e-01
9.100000e+00 -5.480652e-01
9.110000e+00 -5.563682e-01
9.120000e+00 -5.646193e-01
9.130000e+00 -5.728179e-01
9.140000e+00 -5.809634e-01
9.150000e+00 -5.890550e-01
9.160000e+00 -5.970922e-01
9.170000e+00 -6.050741e-01
9.180000e+00 -6.130003e-01
9.190000e+00 -6.208700e-01
9.200000e+00 -6.286827e-01
9.210000e+00 -6.364377e-01
9.220000e+00 -6.441343e-01
9.230000e+00 -6.517721e-01
9.240000e+00 -6.593503e-01
9.250000e+00 -6.668685e-01
9.260000e+00 -6.743260e-01
9.270000e+00 -6.817222e-01
9.280000e+00 -6.890566e-01
9.290000e+00 -6.963286e-01
9.300000e+00 -7.035378e-01
9.310000e+00 -7.106834e-01
9.320000e+00 -7.177651e-01
9.330000e+00 -7.247822e-01
9.340000e+00 -7.317343e-01
9.350000e+00 -7.386209e-01
9.360000e+00 -7.454414e-01
9.370000e+00 -7.521953e-01
9.380000e+00 -7.588823e-01
9.390000e+00 -7.655017e-01
9.400000e+00 -7.720532e-01
9.410000e+00 -7.785362e-01
9.420000e+00 -7.849503e-01
9.430000e+00 -7.912951e-01
9.440000e+00 -7.975701e-01
9.450000e+00 -8.037750e-01
9.460000e+00 -8.099091e-01
9.470000e+00 -8.159723e-01
9.480000e+00 -8.219640e-01
9.490000e+00 -8.278838e-01
9.500000e+00 -8.337314e-01
9.510000e+00 -8.395063e-01
9.520000e+00 -8.452082e-01
9.530000e+00 -8.508368e-01
9.540000e+00 -8.563916e-01
9.550000e+00 -8.618722e-01
9.560000e+00 -8.672784e-01
9.570000e+00 -8.726098e-01
9.580000e+00 -8.778661e-01
9.590000e+00 -8.830468e-01
9.600000e+00 -8.881518e-01
9.610000e+00 -8.931807e-01
9.620000e+00 -8.981331e-01
9.630000e+00 -9.030088e-01
9.640000e+00 -9.078075e-01
9.650000e+00 -9.125288e-01
9.660000e+00 -9.171726e-01
9.670000e+00 -9.217385e-01
9.680000e+00 -9.262262e-01
9.690000e+00 -9.306355e-01
9.700000e+00 -9.349661e-01
9.710000e+00 -9.392178e-01
9.720000e+00 -9.433903e-01
9.730000e+00 -9.474834e-01
9.740000e+00 -9.514969e-01
9.750000e+00 -9.554304e-01
9.760000e+00 -9.592839e-01
9.770000e+00 -9.630571e-01
9.780000e+00 -9.667497e-01
9.790000e+00 -9.703615e-01
9.800000e+00 -9.738925e-01
9.810000e+00 -9.773422e-01
9.820000e+00 -9.807107e-01
9.830000e+00 -9.839977e-01
9.840000e+00 -9.872029e-01
9.850000e+00 -9.903263e-01
9.860000e+00 -9.933677e-01
9.870000e+00 -9.963269e-01
9.880000e+00 -9.992037e-01
9.890000e+00 -1.001998e+00
9.900000e+00 -1.004710e+00
9.910000e+00 -1.007339e+00
9.920000e+00 -1.009884e+00
9.930000e+00 -1.012347e+00
9.940000e+00 -1.014727e+00
9.950000e+00 -1.017023e+00
9.960000e+00 -1.019236e+00
9.970000e+00 -1.021366e+00
9.980000e+00 -1.023411e+00
9.990000e+00 -1.025373e+00
1.000000e+01 -1.027251e+00
