1.000000e-02 6.250036e-06
2.000000e-02 2.500057e-05
3.000000e-02 5.625290e-05
4.000000e-02 1.000092e-04
5.000000e-02 1.562724e-04
6.000000e-02 2.250464e-04
7.000000e-02 3.063360e-04
8.000000e-02 4.001467e-04
9.000000e-02 5.064851e-04
1.000000e-01 6.253583e-04
1.100000e-01 7.567747e-04
1.200000e-01 9.007432e-04
1.300000e-01 1.057274e-03
1.400000e-01 1.226377e-03
1.500000e-01 1.408065e-03
1.600000e-01 1.602351e-03
1.700000e-01 1.809246e-03
1.800000e-01 2.028767e-03
1.900000e-01 2.260928e-03
2.000000e-01 2.505744e-03
2.100000e-01 2.763234e-03
2.200000e-01 3.033415e-03
2.300000e-01 3.316305e-03
2.400000e-01 3.611925e-03
2.500000e-01 3.920295e-03
2.600000e-01 4.241436e-03
2.700000e-01 4.575371e-03
2.800000e-01 4.922123e-03
2.900000e-01 5.281716e-03
3.000000e-01 5.654176e-03
3.100000e-01 6.039529e-03
3.200000e-01 6.437801e-03
3.300000e-01 6.849020e-03
3.400000e-01 7.273216e-03
3.500000e-01 7.710419e-03
3.600000e-01 8.160658e-03
3.700000e-01 8.623967e-03
3.800000e-01 9.100377e-03
3.900000e-01 9.589923e-03
4.000000e-01 1.009264e-02
4.100000e-01 1.060856e-02
4.200000e-01 1.113773e-02
4.300000e-01 1.168017e-02
4.400000e-01 1.223594e-02
4.500000e-01 1.280506e-02
4.600000e-01 1.338758e-02
4.700000e-01 1.398355e-02
4.800000e-01 1.459300e-02
4.900000e-01 1.521598e-02
5.000000e-01 1.585253e-02
5.100000e-01 1.650270e-02
5.200000e-01 1.716654e-02
5.300000e-01 1.784410e-02
5.400000e-01 1.853542e-02
5.500000e-01 1.924055e-02
5.600000e-01 1.995956e-02
5.700000e-01 2.069248e-02
5.800000e-01 2.143937e-02
5.900000e-01 2.220030e-02
6.000000e-01 2.297531e-02
6.100000e-01 2.376446e-02
6.200000e-01 2.456782e-02
6.300000e-01 2.538544e-02
6.400000e-01 2.621738e-02
6.500000e-01 2.706370e-02
6.600000e-01 2.792448e-02
6.700000e-01 2.879976e-02
6.800000e-01 2.968963e-02
6.900000e-01 3.059415e-02
7.000000e-01 3.151338e-02
7.100000e-01 3.244740e-02
7.200000e-01 3.339628e-02
7.300000e-01 3.436009e-02
7.400000e-01 3.533890e-02
7.500000e-01 3.633280e-02
7.600000e-01 3.734185e-02
7.700000e-01 3.836614e-02
7.800000e-01 3.940575e-02
7.900000e-01 4.046076e-02
8.000000e-01 4.153125e-02
8.100000e-01 4.261730e-02
8.200000e-01 4.371901e-02
8.300000e-01 4.483646e-02
8.400000e-01 4.596973e-02
8.500000e-01 4.711893e-02
8.600000e-01 4.828414e-02
8.700000e-01 4.946545e-02
8.800000e-01 5.066297e-02
8.900000e-01 5.187679e-02
9.000000e-01 5.310701e-02
9.100000e-01 5.435372e-02
9.200000e-01 5.561704e-02
9.300000e-01 5.689707e-02
9.400000e-01 5.819391e-02
9.500000e-01 5.950768e-02
9.600000e-01 6.083847e-02
9.700000e-01 6.218641e-02
9.800000e-01 6.355161e-02
9.900000e-01 6.493418e-02
1.000000e+00 6.633425e-02
1.010000e+00 6.775192e-02
1.020000e+00 6.918733e-02
1.030000e+00 7.064060e-02
1.040000e+00 7.211186e-02
1.050000e+00 7.360123e-02
1.060000e+00 7.510884e-02
1.070000e+00 7.663484e-02
1.080000e+00 7.817934e-02
1.090000e+00 7.974250e-02
1.100000e+00 8.132444e-02
1.110000e+00 8.292533e-02
1.120000e+00 8.454529e-02
1.130000e+00 8.618447e-02
1.140000e+00 8.784303e-02
1.150000e+00 8.952112e-02
1.160000e+00 9.121890e-02
1.170000e+00 9.293652e-02
1.180000e+00 9.467414e-02
1.190000e+00 9.643193e-02
1.200000e+00 9.821005e-02
1.210000e+00 1.000087e-01
1.220000e+00 1.018280e-01
1.230000e+00 1.036681e-01
1.240000e+00 1.055293e-01
1.250000e+00 1.074117e-01
1.260000e+00 1.093155e-01
1.270000e+00 1.112408e-01
1.280000e+00 1.131880e-01
1.290000e+00 1.151571e-01
1.300000e+00 1.171484e-01
1.310000e+00 1.191620e-01
1.320000e+00 1.211983e-01
1.330000e+00 1.232573e-01
1.340000e+00 1.253393e-01
1.350000e+00 1.274445e-01
1.360000e+00 1.295732e-01
1.370000e+00 1.317255e-01
1.380000e+00 1.339017e-01
1.390000e+00 1.361020e-01
1.400000e+00 1.383267e-01
1.410000e+00 1.405760e-01
1.420000e+00 1.428501e-01
1.430000e+00 1.451494e-01
1.440000e+00 1.474739e-01
1.450000e+00 1.498241e-01
1.460000e+00 1.522002e-01
1.470000e+00 1.546024e-01
1.480000e+00 1.570311e-01
1.490000e+00 1.594864e-01
1.500000e+00 1.619687e-01
1.510000e+00 1.644784e-01
1.520000e+00 1.670155e-01
1.530000e+00 1.695806e-01
1.540000e+00 1.721739e-01
1.550000e+00 1.747956e-01
1.560000e+00 1.774462e-01
1.570000e+00 1.801259e-01
1.580000e+00 1.828352e-01
1.590000e+00 1.855742e-01
1.600000e+00 1.883434e-01
1.610000e+00 1.911431e-01
1.620000e+00 1.939737e-01
1.630000e+00 1.968356e-01
1.640000e+00 1.997291e-01
1.650000e+00 2.026546e-01
1.660000e+00 2.056125e-01
1.670000e+00 2.086032e-01
1.680000e+00 2.116271e-01
1.690000e+00 2.146846e-01
1.700000e+00 2.177762e-01
1.710000e+00 2.209023e-01
1.720000e+00 2.240633e-01
1.730000e+00 2.272596e-01
1.740000e+00 2.304919e-01
1.750000e+00 2.337604e-01
1.760000e+00 2.370657e-01
1.770000e+00 2.404084e-01
1.780000e+00 2.437888e-01
1.790000e+00 2.472075e-01
1.800000e+00 2.506651e-01
1.810000e+00 2.541621e-01
1.820000e+00 2.576990e-01
1.830000e+00 2.612763e-01
1.840000e+00 2.648948e-01
1.850000e+00 2.685549e-01
1.860000e+00 2.722573e-01
1.870000e+00 2.760026e-01
1.880000e+00 2.797914e-01
1.890000e+00 2.836244e-01
1.900000e+00 2.875022e-01
1.910000e+00 2.914255e-01
1.920000e+00 2.953950e-01
1.930000e+00 2.994115e-01
1.940000e+00 3.034756e-01
1.950000e+00 3.075881e-01
1.960000e+00 3.117498e-01
1.970000e+00 3.159615e-01
1.980000e+00 3.202239e-01
1.990000e+00 3.245380e-01
2.000000e+00 3.289045e-01
2.010000e+00 3.333243e-01
2.020000e+00 3.377983e-01
2.030000e+00 3.423275e-01
2.040000e+00 3.469128e-01
2.050000e+00 3.515552e-01
2.060000e+00 3.562556e-01
2.070000e+00 3.610151e-01
2.080000e+00 3.658348e-01
2.090000e+00 3.707156e-01
2.100000e+00 3.756589e-01
2.110000e+00 3.806656e-01
2.120000e+00 3.857370e-01
2.130000e+00 3.908742e-01
2.140000e+00 3.960786e-01
2.150000e+00 4.013515e-01
2.160000e+00 4.066940e-01
2.170000e+00 4.121077e-01
2.180000e+00 4.175939e-01
2.190000e+00 4.231541e-01
2.200000e+00 4.287898e-01
2.210000e+00 4.345025e-01
2.220000e+00 4.402938e-01
2.230000e+00 4.461654e-01
2.240000e+00 4.521189e-01
2.250000e+00 4.581562e-01
2.260000e+00 4.642790e-01
2.270000e+00 4.704893e-01
2.280000e+00 4.767889e-01
2.290000e+00 4.831799e-01
2.300000e+00 4.896643e-01
2.310000e+00 4.962444e-01
2.320000e+00 5.029223e-01
2.330000e+00 5.097003e-01
2.340000e+00 5.165809e-01
2.350000e+00 5.235665e-01
2.360000e+00 5.306598e-01
2.370000e+00 5.378633e-01
2.380000e+00 5.451800e-01
2.390000e+00 5.526126e-01
2.400000e+00 5.601642e-01
2.410000e+00 5.678379e-01
2.420000e+00 5.756370e-01
2.430000e+00 5.835649e-01
2.440000e+00 5.916250e-01
2.450000e+00 5.998212e-01
2.460000e+00 6.081572e-01
2.470000e+00 6.166370e-01
2.480000e+00 6.252648e-01
2.490000e+00 6.340451e-01
2.500000e+00 6.429824e-01
2.510000e+00 6.520815e-01
2.520000e+00 6.613474e-01
2.530000e+00 6.707854e-01
2.540000e+00 6.804011e-01
2.550000e+00 6.902002e-01
2.560000e+00 7.001888e-01
2.570000e+00 7.103733e-01
2.580000e+00 7.207605e-01
2.590000e+00 7.313575e-01
2.600000e+00 7.421718e-01
2.610000e+00 7.532113e-01
2.620000e+00 7.644844e-01
2.630000e+00 7.759999e-01
2.640000e+00 7.877671e-01
2.650000e+00 7.997960e-01
2.660000e+00 8.120971e-01
2.670000e+00 8.246816e-01
2.680000e+00 8.375615e-01
2.690000e+00 8.507493e-01
2.700000e+00 8.642586e-01
2.710000e+00 8.781039e-01
2.720000e+00 8.923007e-01
2.730000e+00 9.068654e-01
2.740000e+00 9.218159e-01
2.750000e+00 9.371713e-01
2.760000e+00 9.529522e-01
2.770000e+00 9.691809e-01
2.780000e+00 9.858813e-01
2.790000e+00 1.003080e+00
2.800000e+00 1.020804e+00
2.810000e+00 1.039085e+00
2.820000e+00 1.057958e+00
2.830000e+00 1.077457e+00
2.840000e+00 1.097624e+00
2.850000e+00 1.118504e+00
2.860000e+00 1.140145e+00
2.870000e+00 1.162602e+00
2.880000e+00 1.185935e+00
2.890000e+00 1.210213e+00
2.900000e+00 1.235510e+00
2.910000e+00 1.261913e+00
2.920000e+00 1.289517e+00
2.930000e+00 1.318434e+00
2.940000e+00 1.348789e+00
2.950000e+00 1.380727e+00
2.960000e+00 1.414417e+00
2.970000e+00 1.450057e+00
2.980000e+00 1.487879e+00
2.990000e+00 1.528160e+00
3.000000e+00 1.571234e+00
3.010000e+00 1.617509e+00
3.020000e+00 1.667490e+00
3.030000e+00 1.721810e+00
3.040000e+00 1.781283e+00
3.050000e+00 1.846974e+00
3.060000e+00 1.920320e+00
3.070000e+00 2.003323e+00
3.080000e+00 2.098893e+00
3.090000e+00 2.211493e+00
3.100000e+00 2.348496e+00
3.110000e+00 2.523434e+00
3.120000e+00 2.765610e+00
3.130000e+00 3.161505e+00
3.140000e+00 4.425144e+00
