0.000000000001 0.000119857545
0.000000000010 0.000119857545
0.000000000100 0.000119857545
0.000000001000 0.000119857545
0.000000010000 0.000119857545
0.000000100000 0.000119857545
0.000001000000 0.000119857545
0.000010000000 0.000119857545
0.000100000000 0.000119857545
0.001000000000 0.000119857545
0.010000000000 0.000701712911
0.100000000000 0.055595514091
0.200000000000 0.160207532558
0.300000000000 0.223700529470
0.400000000000 0.260751002199
0.500000000000 0.283473755883
0.600000000000 0.298378804726
0.700000000000 0.308943380846
0.800000000000 0.316883378975
0.900000000000 0.323117146450
1.000000000000 0.328225706861
2.000000000000 0.354371882192
3.000000000000 0.365454309660
4.000000000000 0.372073373934
5.000000000000 0.376550096959
6.000000000000 0.379777846168
7.000000000000 0.382336781343
8.000000000000 0.384390773588
9.000000000000 0.386107102343
10.000000000000 0.387569331368
