0.000000000001 0.000108674650
0.000000000010 0.000108674650
0.000000000100 0.000108674650
0.000000001000 0.000108674650
0.000000010000 0.000108674650
0.000000100000 0.000108674650
0.000001000000 0.000108674650
0.000010000000 0.000108674650
0.000100000000 0.000108674650
0.001000000000 0.000108674650
0.010000000000 0.000142224086
0.100000000000 0.003587391582
0.200000000000 0.013928844628
0.300000000000 0.031313421426
0.400000000000 0.055583056188
0.500000000000 0.083996498691
0.600000000000 0.112264118634
0.700000000000 0.137832270252
0.800000000000 0.160162385369
0.900000000000 0.179516274561
1.000000000000 0.196318051227
2.000000000000 0.283455338719
3.000000000000 0.313113397930
4.000000000000 0.328205982982
5.000000000000 0.337861328248
6.000000000000 0.344780849784
7.000000000000 0.350078778868
8.000000000000 0.354330866721
9.000000000000 0.357805460507
10.000000000000 0.360738754925
