0.446430 1.119996
0.894710 1.115374
1.340850 1.120724
1.789690 1.113983
2.236590 1.118819
2.684560 1.116146
3.132880 1.115275
3.579680 1.119069
4.028840 1.113189
4.475450 1.119545
4.924160 1.114305
5.371830 1.116894
5.819270 1.117468
6.268160 1.113859
6.714730 1.119645
7.163860 1.113263
7.610860 1.118568
8.059030 1.115648
8.507330 1.115325
8.954240 1.118793
9.403410 1.113164
9.850010 1.119570
10.298810 1.114082
10.746380 1.117144
11.193930 1.117194
11.642760 1.114008
12.089360 1.119570
12.538520 1.113189
12.985440 1.118768
13.433720 1.115374
13.881910 1.115598
14.328910 1.118568
14.778050 1.113239
15.224620 1.119645
15.673510 1.113859
16.120970 1.117418
16.568630 1.116919
17.017380 1.114206
17.464010 1.119495
17.913200 1.113115
18.360050 1.118944
18.808430 1.115126
19.256530 1.115822
19.703610 1.118368
20.152720 1.113313
20.599280 1.119670
21.048230 1.113710
21.495590 1.117668
21.943360 1.116645
22.392030 1.114405
22.838710 1.119370
23.287920 1.113065
23.734700 1.119119
24.183190 1.114852
24.631170 1.116121
25.078350 1.118118
25.527430 1.113387
25.973970 1.119721
26.422990 1.113536
26.870250 1.117918
27.318140 1.116346
27.766720 1.114628
28.213460 1.119219
28.662680 1.113040
29.109400 1.119269
29.557990 1.114604
30.005860 1.116395
30.453140 1.117868
30.902170 1.113511
31.348720 1.119695
31.797800 1.113387
32.244960 1.118168
32.692960 1.116071
33.141460 1.114827
33.588260 1.119069
34.037480 1.113040
34.484150 1.119395
34.932840 1.114355
35.380600 1.116670
35.827990 1.117593
36.276960 1.113660
36.723520 1.119670
37.172660 1.113239
37.619730 1.118393
38.067850 1.115773
38.516240 1.115101
38.963120 1.118869
39.412330 1.113065
39.858960 1.119495
40.307740 1.114132
40.755400 1.116919
41.202890 1.117343
41.651800 1.113809
42.098390 1.119595
42.547570 1.113139
42.994550 1.118618
43.442790 1.115474
43.891080 1.115349
44.338030 1.118693
44.787230 1.113090
45.233830 1.119570
45.682700 1.113908
46.130240 1.117219
46.577860 1.117019
47.026690 1.114008
47.473310 1.119520
47.922530 1.113040
48.369420 1.118844
48.817780 1.115175
49.265960 1.115623
49.713000 1.118468
50.162180 1.113139
50.608750 1.119645
51.057700 1.113710
51.505130 1.117493
51.952870 1.116720
52.401620 1.114206
52.848280 1.119420
53.297520 1.112991
53.744340 1.119019
54.192810 1.114902
54.640880 1.115897
55.088020 1.118218
55.537160 1.113239
55.983710 1.119695
56.432740 1.113511
56.880060 1.117768
57.327920 1.116420
57.776580 1.114430
58.223300 1.119269
58.672550 1.112966
59.119300 1.119194
59.567890 1.114604
