1.095445
10 0.105617
1.095445
20 0.051493
1.095445
30 0.034024
1.095445
40 0.025506
1.095445
50 0.020348
1.095445
60 0.016938
1.095445
70 0.014489
1.095445
80 0.012613
1.095445
90 0.011305
1.095445
100 0.010185
1.095445
200 0.005180
1.095445
300 0.003522
1.095445
400 0.002604
1.095445
500 0.002054
1.095445
600 0.001687
1.095445
700 0.001504
1.095445
800 0.001321
1.095445
900 0.001138
1.095445
1000 0.001138
1.095445
2000 0.000589
1.095445
3000 0.000406
1.095445
4000 287.275030
1.095445
5000 79.547435
1.095445
6000 496.929598
1.095445
7000 683.653197
1.095445
8000 683.653197
1.095445
9000 781.460796
1.095445
10000 781.460796
