0.000000 1.000000e+02
0.016667 9.988333e+01
0.033333 9.976686e+01
0.050000 9.965058e+01
0.066667 9.953450e+01
0.083333 9.941861e+01
0.100000 9.930291e+01
0.116667 9.918741e+01
0.133333 9.907209e+01
0.150000 9.895697e+01
0.166667 9.884204e+01
0.183333 9.872731e+01
0.200000 9.861276e+01
0.216667 9.849841e+01
0.233333 9.838424e+01
0.250000 9.827027e+01
0.266667 9.815649e+01
0.283333 9.804289e+01
0.300000 9.792949e+01
0.316667 9.781627e+01
0.333333 9.770324e+01
0.350000 9.759041e+01
0.366667 9.747775e+01
0.383333 9.736529e+01
0.400000 9.725302e+01
0.416667 9.714093e+01
0.433333 9.702903e+01
0.450000 9.691731e+01
0.466667 9.680578e+01
0.483333 9.669444e+01
0.500000 9.658328e+01
0.516667 9.647231e+01
0.533333 9.636152e+01
0.550000 9.625092e+01
0.566667 9.614050e+01
0.583333 9.603027e+01
0.600000 9.592022e+01
0.616667 9.581035e+01
0.633333 9.570067e+01
0.650000 9.559117e+01
0.666667 9.548185e+01
0.683333 9.537271e+01
0.700000 9.526376e+01
0.716667 9.515498e+01
0.733333 9.504639e+01
0.750000 9.493798e+01
0.766667 9.482975e+01
0.783333 9.472170e+01
0.800000 9.461383e+01
0.816667 9.450614e+01
0.833333 9.439863e+01
0.850000 9.429130e+01
0.866667 9.418415e+01
0.883333 9.407717e+01
0.900000 9.397038e+01
0.916667 9.386376e+01
0.933333 9.375732e+01
0.950000 9.365106e+01
0.966667 9.354498e+01
0.983333 9.343907e+01
1.000000 9.333334e+01
1.016667 9.322778e+01
1.033333 9.312240e+01
1.050000 9.301720e+01
1.066667 9.291217e+01
1.083333 9.280731e+01
1.100000 9.270264e+01
1.116667 9.259813e+01
1.133333 9.249380e+01
1.150000 9.238964e+01
1.166667 9.228566e+01
1.183333 9.218185e+01
1.200000 9.207822e+01
1.216667 9.197475e+01
1.233333 9.187146e+01
1.250000 9.176834e+01
1.266667 9.166539e+01
1.283333 9.156262e+01
1.300000 9.146001e+01
1.316667 9.135758e+01
1.333333 9.125532e+01
1.350000 9.115323e+01
1.366667 9.105130e+01
1.383333 9.094955e+01
1.400000 9.084797e+01
1.416667 9.074656e+01
1.433333 9.064531e+01
1.450000 9.054424e+01
1.466667 9.044333e+01
1.483333 9.034259e+01
1.500000 9.024202e+01
1.516667 9.014162e+01
1.533333 9.004138e+01
1.550000 8.994131e+01
1.566667 8.984141e+01
1.583333 8.974167e+01
1.600000 8.964210e+01
1.616667 8.954270e+01
1.633333 8.944346e+01
1.650000 8.934439e+01
1.666667 8.924548e+01
1.683333 8.914674e+01
1.700000 8.904816e+01
1.716667 8.894975e+01
1.733333 8.885150e+01
1.750000 8.875341e+01
1.766667 8.865549e+01
1.783333 8.855773e+01
1.800000 8.846014e+01
1.816667 8.836270e+01
1.833333 8.826543e+01
1.850000 8.816832e+01
1.866667 8.807137e+01
1.883333 8.797459e+01
1.900000 8.787796e+01
1.916667 8.778150e+01
1.933333 8.768520e+01
1.950000 8.758906e+01
1.966667 8.749307e+01
1.983333 8.739725e+01
2.000000 8.730159e+01
2.016667 8.720609e+01
2.033333 8.711074e+01
2.050000 8.701556e+01
2.066667 8.692053e+01
2.083333 8.682567e+01
2.100000 8.673096e+01
2.116667 8.663641e+01
2.133333 8.654201e+01
2.150000 8.644778e+01
2.166667 8.635370e+01
2.183333 8.625977e+01
2.200000 8.616601e+01
2.216667 8.607240e+01
2.233333 8.597894e+01
2.250000 8.588564e+01
2.266667 8.579250e+01
2.283333 8.569951e+01
2.300000 8.560668e+01
2.316667 8.551400e+01
2.333333 8.542148e+01
2.350000 8.532911e+01
2.366667 8.523690e+01
2.383333 8.514483e+01
2.400000 8.505293e+01
2.416667 8.496117e+01
2.433333 8.486957e+01
2.450000 8.477812e+01
2.466667 8.468682e+01
2.483333 8.459568e+01
2.500000 8.450469e+01
2.516667 8.441384e+01
2.533333 8.432315e+01
2.550000 8.423262e+01
2.566667 8.414223e+01
2.583333 8.405199e+01
2.600000 8.396190e+01
2.616667 8.387197e+01
2.633333 8.378218e+01
2.650000 8.369254e+01
2.666667 8.360306e+01
2.683333 8.351372e+01
2.700000 8.342453e+01
2.716667 8.333549e+01
2.733333 8.324660e+01
2.750000 8.315785e+01
2.766667 8.306926e+01
2.783333 8.298081e+01
2.800000 8.289251e+01
2.816667 8.280435e+01
2.833333 8.271634e+01
2.850000 8.262848e+01
2.866667 8.254077e+01
2.883333 8.245320e+01
2.900000 8.236578e+01
2.916667 8.227850e+01
2.933333 8.219137e+01
2.950000 8.210439e+01
2.966667 8.201755e+01
2.983333 8.193085e+01
3.000000 8.184430e+01
3.016667 8.175789e+01
3.033333 8.167163e+01
3.050000 8.158551e+01
3.066667 8.149953e+01
3.083333 8.141370e+01
3.100000 8.132801e+01
3.116667 8.124246e+01
3.133333 8.115706e+01
3.150000 8.107180e+01
3.166667 8.098668e+01
3.183333 8.090170e+01
3.200000 8.081686e+01
3.216667 8.073217e+01
3.233333 8.064762e+01
3.250000 8.056320e+01
3.266667 8.047893e+01
3.283333 8.039480e+01
3.300000 8.031081e+01
3.316667 8.022696e+01
3.333333 8.014325e+01
3.350000 8.005967e+01
3.366667 7.997624e+01
3.383333 7.989295e+01
3.400000 7.980979e+01
3.416667 7.972678e+01
3.433333 7.964390e+01
3.450000 7.956116e+01
3.466667 7.947856e+01
3.483333 7.939609e+01
3.500000 7.931376e+01
3.516667 7.923158e+01
3.533333 7.914952e+01
3.550000 7.906761e+01
3.566667 7.898583e+01
3.583333 7.890418e+01
3.600000 7.882268e+01
3.616667 7.874131e+01
3.633333 7.866007e+01
3.650000 7.857897e+01
3.666667 7.849801e+01
3.683333 7.841718e+01
3.700000 7.833648e+01
3.716667 7.825592e+01
3.733333 7.817549e+01
3.750000 7.809520e+01
3.766667 7.801504e+01
3.783333 7.793502e+01
3.800000 7.785513e+01
3.816667 7.777537e+01
3.833333 7.769574e+01
3.850000 7.761625e+01
3.866667 7.753689e+01
3.883333 7.745766e+01
3.900000 7.737856e+01
3.916667 7.729960e+01
3.933333 7.722077e+01
3.950000 7.714207e+01
3.966667 7.706350e+01
3.983333 7.698506e+01
4.000000 7.690675e+01
4.016667 7.682857e+01
4.033333 7.675052e+01
4.050000 7.667260e+01
4.066667 7.659482e+01
4.083333 7.651716e+01
4.100000 7.643963e+01
4.116667 7.636223e+01
4.133333 7.628496e+01
4.150000 7.620782e+01
4.166667 7.613081e+01
4.183333 7.605392e+01
4.200000 7.597716e+01
4.216667 7.590054e+01
4.233333 7.582404e+01
4.250000 7.574766e+01
4.266667 7.567142e+01
4.283333 7.559530e+01
4.300000 7.551930e+01
4.316667 7.544344e+01
4.333333 7.536770e+01
4.350000 7.529209e+01
4.366667 7.521660e+01
4.383333 7.514124e+01
4.400000 7.506600e+01
4.416667 7.499089e+01
4.433333 7.491591e+01
4.450000 7.484105e+01
4.466667 7.476631e+01
4.483333 7.469170e+01
4.500000 7.461722e+01
4.516667 7.454286e+01
4.533333 7.446862e+01
4.550000 7.439450e+01
4.566667 7.432051e+01
4.583333 7.424664e+01
4.600000 7.417290e+01
4.616667 7.409928e+01
4.633333 7.402578e+01
4.650000 7.395240e+01
4.666667 7.387915e+01
4.683333 7.380602e+01
4.700000 7.373301e+01
4.716667 7.366012e+01
4.733333 7.358735e+01
4.750000 7.351471e+01
4.766667 7.344218e+01
4.783333 7.336978e+01
4.800000 7.329750e+01
4.816667 7.322533e+01
4.833333 7.315329e+01
4.850000 7.308137e+01
4.866667 7.300957e+01
4.883333 7.293788e+01
4.900000 7.286632e+01
4.916667 7.279488e+01
4.933333 7.272355e+01
4.950000 7.265235e+01
4.966667 7.258126e+01
4.983333 7.251029e+01
5.000000 7.243944e+01
