0.000000 1.000000e+02
0.100000 9.930000e+01
0.200000 9.860700e+01
0.300000 9.792093e+01
0.400000 9.724172e+01
0.500000 9.656930e+01
0.600000 9.590361e+01
0.700000 9.524457e+01
0.800000 9.459213e+01
0.900000 9.394621e+01
1.000000 9.330675e+01
1.100000 9.267368e+01
1.200000 9.204694e+01
1.300000 9.142647e+01
1.400000 9.081221e+01
1.500000 9.020408e+01
1.600000 8.960204e+01
1.700000 8.900602e+01
1.800000 8.841596e+01
1.900000 8.783180e+01
2.000000 8.725349e+01
2.100000 8.668095e+01
2.200000 8.611414e+01
2.300000 8.555300e+01
2.400000 8.499747e+01
2.500000 8.444750e+01
2.600000 8.390302e+01
2.700000 8.336399e+01
2.800000 8.283035e+01
2.900000 8.230205e+01
3.000000 8.177903e+01
3.100000 8.126124e+01
3.200000 8.074862e+01
3.300000 8.024114e+01
3.400000 7.973873e+01
3.500000 7.924134e+01
3.600000 7.874893e+01
3.700000 7.826144e+01
3.800000 7.777882e+01
3.900000 7.730103e+01
4.000000 7.682802e+01
4.100000 7.635974e+01
4.200000 7.589615e+01
4.300000 7.543718e+01
4.400000 7.498281e+01
4.500000 7.453298e+01
4.600000 7.408765e+01
4.700000 7.364678e+01
4.800000 7.321031e+01
4.900000 7.277821e+01
5.000000 7.235042e+01
