0.000000 1.000000e+02
0.016667 9.988343e+01
0.033333 9.976706e+01
0.050000 9.965087e+01
0.066667 9.953489e+01
0.083333 9.941909e+01
0.100000 9.930349e+01
0.116667 9.918808e+01
0.133333 9.907286e+01
0.150000 9.895784e+01
0.166667 9.884300e+01
0.183333 9.872836e+01
0.200000 9.861391e+01
0.216667 9.849965e+01
0.233333 9.838557e+01
0.250000 9.827169e+01
0.266667 9.815800e+01
0.283333 9.804450e+01
0.300000 9.793119e+01
0.316667 9.781806e+01
0.333333 9.770513e+01
0.350000 9.759238e+01
0.366667 9.747982e+01
0.383333 9.736745e+01
0.400000 9.725526e+01
0.416667 9.714326e+01
0.433333 9.703145e+01
0.450000 9.691982e+01
0.466667 9.680838e+01
0.483333 9.669713e+01
0.500000 9.658606e+01
0.516667 9.647518e+01
0.533333 9.636448e+01
0.550000 9.625396e+01
0.566667 9.614363e+01
0.583333 9.603348e+01
0.600000 9.592352e+01
0.616667 9.581374e+01
0.633333 9.570414e+01
0.650000 9.559472e+01
0.666667 9.548549e+01
0.683333 9.537644e+01
0.700000 9.526757e+01
0.716667 9.515888e+01
0.733333 9.505037e+01
0.750000 9.494204e+01
0.766667 9.483390e+01
0.783333 9.472593e+01
0.800000 9.461814e+01
0.816667 9.451054e+01
0.833333 9.440311e+01
0.850000 9.429586e+01
0.866667 9.418879e+01
0.883333 9.408190e+01
0.900000 9.397518e+01
0.916667 9.386865e+01
0.933333 9.376229e+01
0.950000 9.365611e+01
0.966667 9.355010e+01
0.983333 9.344427e+01
1.000000 9.333862e+01
1.016667 9.323314e+01
1.033333 9.312784e+01
1.050000 9.302272e+01
1.066667 9.291777e+01
1.083333 9.281299e+01
1.100000 9.270839e+01
1.116667 9.260396e+01
1.133333 9.249971e+01
1.150000 9.239563e+01
1.166667 9.229172e+01
1.183333 9.218799e+01
1.200000 9.208443e+01
1.216667 9.198104e+01
1.233333 9.187783e+01
1.250000 9.177478e+01
1.266667 9.167191e+01
1.283333 9.156921e+01
1.300000 9.146668e+01
1.316667 9.136432e+01
1.333333 9.126213e+01
1.350000 9.116011e+01
1.366667 9.105827e+01
1.383333 9.095659e+01
1.400000 9.085508e+01
1.416667 9.075374e+01
1.433333 9.065256e+01
1.450000 9.055156e+01
1.466667 9.045073e+01
1.483333 9.035006e+01
1.500000 9.024956e+01
1.516667 9.014923e+01
1.533333 9.004906e+01
1.550000 8.994906e+01
1.566667 8.984923e+01
1.583333 8.974956e+01
1.600000 8.965007e+01
1.616667 8.955073e+01
1.633333 8.945156e+01
1.650000 8.935256e+01
1.666667 8.925372e+01
1.683333 8.915505e+01
1.700000 8.905654e+01
1.716667 8.895819e+01
1.733333 8.886001e+01
1.750000 8.876199e+01
1.766667 8.866414e+01
1.783333 8.856644e+01
1.800000 8.846891e+01
1.816667 8.837155e+01
1.833333 8.827434e+01
1.850000 8.817730e+01
1.866667 8.808042e+01
1.883333 8.798370e+01
1.900000 8.788714e+01
1.916667 8.779074e+01
1.933333 8.769450e+01
1.950000 8.759843e+01
1.966667 8.750251e+01
1.983333 8.740675e+01
2.000000 8.731115e+01
2.016667 8.721571e+01
2.033333 8.712043e+01
2.050000 8.702531e+01
2.066667 8.693035e+01
2.083333 8.683554e+01
2.100000 8.674090e+01
2.116667 8.664641e+01
2.133333 8.655208e+01
2.150000 8.645790e+01
2.166667 8.636388e+01
2.183333 8.627002e+01
2.200000 8.617632e+01
2.216667 8.608277e+01
2.233333 8.598937e+01
2.250000 8.589614e+01
2.266667 8.580305e+01
2.283333 8.571013e+01
2.300000 8.561735e+01
2.316667 8.552473e+01
2.333333 8.543227e+01
2.350000 8.533996e+01
2.366667 8.524780e+01
2.383333 8.515580e+01
2.400000 8.506395e+01
2.416667 8.497225e+01
2.433333 8.488071e+01
2.450000 8.478932e+01
2.466667 8.469808e+01
2.483333 8.460699e+01
2.500000 8.451605e+01
2.516667 8.442527e+01
2.533333 8.433464e+01
2.550000 8.424415e+01
2.566667 8.415382e+01
2.583333 8.406364e+01
2.600000 8.397361e+01
2.616667 8.388373e+01
2.633333 8.379400e+01
2.650000 8.370442e+01
2.666667 8.361498e+01
2.683333 8.352570e+01
2.700000 8.343656e+01
2.716667 8.334758e+01
2.733333 8.325874e+01
2.750000 8.317005e+01
2.766667 8.308151e+01
2.783333 8.299311e+01
2.800000 8.290486e+01
2.816667 8.281676e+01
2.833333 8.272881e+01
2.850000 8.264100e+01
2.866667 8.255334e+01
2.883333 8.246582e+01
2.900000 8.237845e+01
2.916667 8.229123e+01
2.933333 8.220415e+01
2.950000 8.211721e+01
2.966667 8.203042e+01
2.983333 8.194378e+01
3.000000 8.185728e+01
3.016667 8.177092e+01
3.033333 8.168471e+01
3.050000 8.159864e+01
3.066667 8.151271e+01
3.083333 8.142693e+01
3.100000 8.134129e+01
3.116667 8.125579e+01
3.133333 8.117043e+01
3.150000 8.108522e+01
3.166667 8.100015e+01
3.183333 8.091522e+01
3.200000 8.083043e+01
3.216667 8.074579e+01
3.233333 8.066128e+01
3.250000 8.057691e+01
3.266667 8.049269e+01
3.283333 8.040861e+01
3.300000 8.032466e+01
3.316667 8.024086e+01
3.333333 8.015719e+01
3.350000 8.007367e+01
3.366667 7.999028e+01
3.383333 7.990703e+01
3.400000 7.982392e+01
3.416667 7.974095e+01
3.433333 7.965812e+01
3.450000 7.957542e+01
3.466667 7.949287e+01
3.483333 7.941045e+01
3.500000 7.932817e+01
3.516667 7.924602e+01
3.533333 7.916401e+01
3.550000 7.908214e+01
3.566667 7.900041e+01
3.583333 7.891881e+01
3.600000 7.883734e+01
3.616667 7.875602e+01
3.633333 7.867482e+01
3.650000 7.859377e+01
3.666667 7.851284e+01
3.683333 7.843206e+01
3.700000 7.835140e+01
3.716667 7.827088e+01
3.733333 7.819050e+01
3.750000 7.811025e+01
3.766667 7.803013e+01
3.783333 7.795015e+01
3.800000 7.787030e+01
3.816667 7.779058e+01
3.833333 7.771100e+01
3.850000 7.763154e+01
3.866667 7.755222e+01
3.883333 7.747304e+01
3.900000 7.739398e+01
3.916667 7.731506e+01
3.933333 7.723626e+01
3.950000 7.715760e+01
3.966667 7.707907e+01
3.983333 7.700067e+01
4.000000 7.692240e+01
4.016667 7.684426e+01
4.033333 7.676626e+01
4.050000 7.668838e+01
4.066667 7.661063e+01
4.083333 7.653301e+01
4.100000 7.645552e+01
4.116667 7.637816e+01
4.133333 7.630092e+01
4.150000 7.622382e+01
4.166667 7.614684e+01
4.183333 7.607000e+01
4.200000 7.599328e+01
4.216667 7.591669e+01
4.233333 7.584022e+01
4.250000 7.576388e+01
4.266667 7.568768e+01
4.283333 7.561159e+01
4.300000 7.553564e+01
4.316667 7.545981e+01
4.333333 7.538410e+01
4.350000 7.530853e+01
4.366667 7.523308e+01
4.383333 7.515775e+01
4.400000 7.508255e+01
4.416667 7.500747e+01
4.433333 7.493252e+01
4.450000 7.485770e+01
4.466667 7.478300e+01
4.483333 7.470842e+01
4.500000 7.463397e+01
4.516667 7.455964e+01
4.533333 7.448544e+01
4.550000 7.441136e+01
4.566667 7.433740e+01
4.583333 7.426357e+01
4.600000 7.418986e+01
4.616667 7.411627e+01
4.633333 7.404280e+01
4.650000 7.396946e+01
4.666667 7.389624e+01
4.683333 7.382314e+01
4.700000 7.375016e+01
4.716667 7.367730e+01
4.733333 7.360457e+01
4.750000 7.353195e+01
4.766667 7.345946e+01
4.783333 7.338709e+01
4.800000 7.331484e+01
4.816667 7.324271e+01
4.833333 7.317070e+01
4.850000 7.309880e+01
4.866667 7.302703e+01
4.883333 7.295538e+01
4.900000 7.288385e+01
4.916667 7.281243e+01
4.933333 7.274114e+01
4.950000 7.266996e+01
4.966667 7.259891e+01
4.983333 7.252797e+01
5.000000 7.245715e+01
