0.000000 1.000000e+02
0.100000 9.930349e+01
0.200000 9.861391e+01
0.300000 9.793119e+01
0.400000 9.725526e+01
0.500000 9.658606e+01
0.600000 9.592352e+01
0.700000 9.526757e+01
0.800000 9.461814e+01
0.900000 9.397518e+01
1.000000 9.333862e+01
1.100000 9.270839e+01
1.200000 9.208443e+01
1.300000 9.146668e+01
1.400000 9.085508e+01
1.500000 9.024956e+01
1.600000 8.965007e+01
1.700000 8.905654e+01
1.800000 8.846891e+01
1.900000 8.788714e+01
2.000000 8.731115e+01
2.100000 8.674090e+01
2.200000 8.617632e+01
2.300000 8.561735e+01
2.400000 8.506395e+01
2.500000 8.451605e+01
2.600000 8.397361e+01
2.700000 8.343656e+01
2.800000 8.290486e+01
2.900000 8.237845e+01
3.000000 8.185728e+01
3.100000 8.134129e+01
3.200000 8.083043e+01
3.300000 8.032466e+01
3.400000 7.982392e+01
3.500000 7.932817e+01
3.600000 7.883734e+01
3.700000 7.835140e+01
3.800000 7.787030e+01
3.900000 7.739398e+01
4.000000 7.692240e+01
4.100000 7.645552e+01
4.200000 7.599328e+01
4.300000 7.553564e+01
4.400000 7.508255e+01
4.500000 7.463397e+01
4.600000 7.418986e+01
4.700000 7.375016e+01
4.800000 7.331484e+01
4.900000 7.288385e+01
5.000000 7.245715e+01
