0.000000 1.000000e+02
0.100000 9.930350e+01
0.200000 9.861393e+01
0.300000 9.793122e+01
0.400000 9.725531e+01
0.500000 9.658612e+01
0.600000 9.592358e+01
0.700000 9.526764e+01
0.800000 9.461823e+01
0.900000 9.397528e+01
1.000000 9.333873e+01
1.100000 9.270851e+01
1.200000 9.208456e+01
1.300000 9.146681e+01
1.400000 9.085522e+01
1.500000 9.024971e+01
1.600000 8.965023e+01
1.700000 8.905671e+01
1.800000 8.846909e+01
1.900000 8.788732e+01
2.000000 8.731135e+01
2.100000 8.674110e+01
2.200000 8.617652e+01
2.300000 8.561757e+01
2.400000 8.506417e+01
2.500000 8.451628e+01
2.600000 8.397385e+01
2.700000 8.343681e+01
2.800000 8.290511e+01
2.900000 8.237870e+01
3.000000 8.185754e+01
3.100000 8.134155e+01
3.200000 8.083071e+01
3.300000 8.032494e+01
3.400000 7.982421e+01
3.500000 7.932846e+01
3.600000 7.883764e+01
3.700000 7.835170e+01
3.800000 7.787060e+01
3.900000 7.739429e+01
4.000000 7.692272e+01
4.100000 7.645584e+01
4.200000 7.599360e+01
4.300000 7.553597e+01
4.400000 7.508288e+01
4.500000 7.463431e+01
4.600000 7.419020e+01
4.700000 7.375050e+01
4.800000 7.331519e+01
4.900000 7.288420e+01
5.000000 7.245750e+01
